solve_id,solve_type,method,warm_start,min_search_proportion,threshold_proportion,remove_constraints,sub_solve_id,n,p,q,cut_type,cut_value,cuts_sought,cuts_added,cuts_removed,search_proportion_used,current_threshold,variables,constraints,cpu_time
14,iterative,auto,warm,1,,True,0,140,0.5,0.2,fixed,1000,100,100,0,1,,9730,101,0.017953493996174075
14,iterative,auto,warm,1,,True,1,140,0.5,0.2,fixed,1000,1000,1000,100,1,,9730,1001,0.06269493099534884
14,iterative,auto,warm,1,,True,2,140,0.5,0.2,fixed,1000,1000,1000,1000,1,,9730,1001,0.034803009999450296
14,iterative,auto,warm,1,,True,3,140,0.5,0.2,fixed,1000,1000,1000,1000,1,,9730,1001,0.07401563999883365
14,iterative,auto,warm,1,,True,4,140,0.5,0.2,fixed,1000,1000,1000,533,1,,9730,1468,0.05130300100427121
14,iterative,auto,warm,1,,True,5,140,0.5,0.2,fixed,1000,1000,1000,743,1,,9730,1725,0.07383582500915509
14,iterative,auto,warm,1,,True,6,140,0.5,0.2,fixed,1000,1000,1000,536,1,,9730,2189,0.11092243899474852
14,iterative,auto,warm,1,,True,7,140,0.5,0.2,fixed,1000,1000,1000,308,1,,9730,2881,0.13477244599198457
14,iterative,auto,warm,1,,True,8,140,0.5,0.2,fixed,1000,1000,1000,395,1,,9730,3486,0.1896225480013527
14,iterative,auto,warm,1,,True,9,140,0.5,0.2,fixed,1000,1000,1000,525,1,,9730,3961,0.24701795099826995
14,iterative,auto,warm,1,,True,10,140,0.5,0.2,fixed,1000,1000,1000,726,1,,9730,4235,0.3372372500016354
14,iterative,auto,warm,1,,True,11,140,0.5,0.2,fixed,1000,1000,1000,736,1,,9730,4499,0.403566334003699
14,iterative,auto,warm,1,,True,12,140,0.5,0.2,fixed,1000,1000,1000,729,1,,9730,4770,0.45988183899316937
14,iterative,auto,warm,1,,True,13,140,0.5,0.2,fixed,1000,1000,1000,768,1,,9730,5002,0.6219002839934547
14,iterative,auto,warm,1,,True,14,140,0.5,0.2,fixed,1000,1000,1000,817,1,,9730,5185,0.7550814300047932
14,iterative,auto,warm,1,,True,15,140,0.5,0.2,fixed,1000,1000,1000,849,1,,9730,5336,0.9820884570071939
14,iterative,auto,warm,1,,True,16,140,0.5,0.2,fixed,1000,1000,1000,782,1,,9730,5554,1.5242831540090265
14,iterative,auto,warm,1,,True,17,140,0.5,0.2,fixed,1000,1000,1000,826,1,,9730,5728,2.565960163003183
14,iterative,auto,warm,1,,True,18,140,0.5,0.2,fixed,1000,1000,1000,859,1,,9730,5869,2.247089689000859
14,iterative,auto,warm,1,,True,19,140,0.5,0.2,fixed,1000,1000,1000,892,1,,9730,5977,2.0627834260085365
14,iterative,auto,warm,1,,True,20,140,0.5,0.2,fixed,1000,1000,1000,822,1,,9730,6155,4.330071937001776
14,iterative,auto,warm,1,,True,21,140,0.5,0.2,fixed,1000,1000,1000,845,1,,9730,6310,4.943449255006271
14,iterative,auto,warm,1,,True,22,140,0.5,0.2,fixed,1000,1000,1000,898,1,,9730,6412,7.632073783999658
14,iterative,auto,warm,1,,True,23,140,0.5,0.2,fixed,1000,1000,1000,857,1,,9730,6555,9.460326535991044
14,iterative,auto,warm,1,,True,24,140,0.5,0.2,fixed,1000,1000,1000,853,1,,9730,6702,15.697963525002706
14,iterative,auto,warm,1,,True,25,140,0.5,0.2,fixed,1000,1000,1000,867,1,,9730,6835,34.281173436989775
14,iterative,auto,warm,1,,True,26,140,0.5,0.2,fixed,1000,1000,1000,864,1,,9730,6971,39.821612380997976
14,iterative,auto,warm,1,,True,27,140,0.5,0.2,fixed,1000,1000,1000,838,1,,9730,7133,40.54957953799749
14,iterative,auto,warm,1,,True,28,140,0.5,0.2,fixed,1000,1000,1000,823,1,,9730,7310,45.41851807599596
14,iterative,auto,warm,1,,True,29,140,0.5,0.2,fixed,1000,1000,1000,816,1,,9730,7494,46.56076922301145
14,iterative,auto,warm,1,,True,30,140,0.5,0.2,fixed,1000,1000,1000,873,1,,9730,7621,58.22900566599856
14,iterative,auto,warm,1,,True,31,140,0.5,0.2,fixed,1000,1000,1000,849,1,,9730,7772,65.66791427199496
14,iterative,auto,warm,1,,True,32,140,0.5,0.2,fixed,1000,1000,1000,838,1,,9730,7934,62.24738229899958
14,iterative,auto,warm,1,,True,33,140,0.5,0.2,fixed,1000,1000,1000,810,1,,9730,8124,74.77343890900374
14,iterative,auto,warm,1,,True,34,140,0.5,0.2,fixed,1000,1000,1000,862,1,,9730,8262,77.55758952398901
14,iterative,auto,warm,1,,True,35,140,0.5,0.2,fixed,1000,1000,1000,862,1,,9730,8400,83.39498372700473
14,iterative,auto,warm,1,,True,36,140,0.5,0.2,fixed,1000,1000,1000,881,1,,9730,8519,89.586907607998
14,iterative,auto,warm,1,,True,37,140,0.5,0.2,fixed,1000,1000,1000,835,1,,9730,8684,94.52813069200784
14,iterative,auto,warm,1,,True,38,140,0.5,0.2,fixed,1000,1000,1000,866,1,,9730,8818,98.45673208699736
14,iterative,auto,warm,1,,True,39,140,0.5,0.2,fixed,1000,1000,1000,887,1,,9730,8931,118.10228418500628
14,iterative,auto,warm,1,,True,40,140,0.5,0.2,fixed,1000,1000,1000,911,1,,9730,9020,116.87305069700233
14,iterative,auto,warm,1,,True,41,140,0.5,0.2,fixed,1000,1000,1000,898,1,,9730,9122,118.98617821899825
14,iterative,auto,warm,1,,True,42,140,0.5,0.2,fixed,1000,1000,1000,881,1,,9730,9241,134.2345966110006
14,iterative,auto,warm,1,,True,43,140,0.5,0.2,fixed,1000,1000,1000,906,1,,9730,9335,133.608120023011
14,iterative,auto,warm,1,,True,44,140,0.5,0.2,fixed,1000,1000,1000,884,1,,9730,9451,134.03262803899997
14,iterative,auto,warm,1,,True,45,140,0.5,0.2,fixed,1000,1000,1000,941,1,,9730,9510,156.50509781000437
14,iterative,auto,warm,1,,True,46,140,0.5,0.2,fixed,1000,1000,1000,926,1,,9730,9584,151.70554195600562
14,iterative,auto,warm,1,,True,47,140,0.5,0.2,fixed,1000,1000,1000,933,1,,9730,9651,157.46730746800313
14,iterative,auto,warm,1,,True,48,140,0.5,0.2,fixed,1000,1000,1000,1017,1,,9730,9634,153.12020640799892
14,iterative,auto,warm,1,,True,49,140,0.5,0.2,fixed,1000,1000,1000,968,1,,9730,9666,153.31592748999537
14,iterative,auto,warm,1,,True,50,140,0.5,0.2,fixed,1000,1000,1000,976,1,,9730,9690,158.155706851001
14,iterative,auto,warm,1,,True,51,140,0.5,0.2,fixed,1000,1000,1000,955,1,,9730,9735,160.2983700499899
14,iterative,auto,warm,1,,True,52,140,0.5,0.2,fixed,1000,1000,1000,938,1,,9730,9797,167.63072841100802
14,iterative,auto,warm,1,,True,53,140,0.5,0.2,fixed,1000,1000,1000,970,1,,9730,9827,158.10363955899084
14,iterative,auto,warm,1,,True,54,140,0.5,0.2,fixed,1000,1000,1000,993,1,,9730,9834,168.95617326399952
14,iterative,auto,warm,1,,True,55,140,0.5,0.2,fixed,1000,1000,1000,1007,1,,9730,9827,166.32645331700041
14,iterative,auto,warm,1,,True,56,140,0.5,0.2,fixed,1000,1000,1000,1008,1,,9730,9819,197.26335171099345
14,iterative,auto,warm,1,,True,57,140,0.5,0.2,fixed,1000,1000,1000,1025,1,,9730,9794,163.57587653999508
14,iterative,auto,warm,1,,True,58,140,0.5,0.2,fixed,1000,1000,1000,997,1,,9730,9797,171.8510714150034
14,iterative,auto,warm,1,,True,59,140,0.5,0.2,fixed,1000,1000,1000,990,1,,9730,9807,204.09855217699078
14,iterative,auto,warm,1,,True,60,140,0.5,0.2,fixed,1000,1000,1000,1026,1,,9730,9781,195.91987168800551
14,iterative,auto,warm,1,,True,61,140,0.5,0.2,fixed,1000,1000,1000,984,1,,9730,9797,207.04997184500098
14,iterative,auto,warm,1,,True,62,140,0.5,0.2,fixed,1000,1000,1000,959,1,,9730,9838,133.44459498600918
14,iterative,auto,warm,1,,True,63,140,0.5,0.2,fixed,1000,1000,1000,924,1,,9730,9914,186.16651009999623
14,iterative,auto,warm,1,,True,64,140,0.5,0.2,fixed,1000,1000,1000,846,1,,9730,10068,136.9752452810062
14,iterative,auto,warm,1,,True,65,140,0.5,0.2,fixed,1000,1000,548,827,1,,9730,9789,193.81154231500113
14,iterative,auto,warm,1,,True,66,140,0.5,0.2,fixed,1000,1000,274,481,1,,9730,9582,229.6513457839901
