solve_id,solve_type,method,warm_start,min_search_proportion,threshold_proportion,remove_constraints,zero_slack_likelihood,sub_solve_id,n,p,q,cut_type,cut_value,cuts_sought,cuts_added,cuts_removed,search_proportion_used,current_threshold,variables,constraints,cpu_time,dual_0_constraints,dual_0_with_slack,dual_0_no_slack
9,iterative,auto,warm,1,,False,0,0,30,0.5,0.2,fixed,1000,100,100,0,1,,435,101,0.0030570390000050907,0,0,0
9,iterative,auto,warm,1,,False,0,1,30,0.5,0.2,fixed,1000,1000,1000,0,1,,435,1101,0.14331491200000102,0,0,0
9,iterative,auto,warm,1,,False,0,2,30,0.5,0.2,fixed,1000,1000,1000,0,1,,435,2101,0.308418807999999,0,0,0
9,iterative,auto,warm,1,,True,0,0,30,0.5,0.2,fixed,1000,100,100,0,1,,435,101,0.002922615999999323,0,0,0
9,iterative,auto,warm,1,,True,0,1,30,0.5,0.2,fixed,1000,1000,1000,51,1,,435,1050,0.1203629249999949,100,51,49
9,iterative,auto,warm,1,,True,0,2,30,0.5,0.2,fixed,1000,1000,1000,716,1,,435,1334,0.04756489500000072,729,716,13
9,iterative,auto,warm,1,,True,0,3,30,0.5,0.2,fixed,1000,1000,134,48,1,,435,1420,0.06570924300000058,984,48,936
9,iterative,auto,warm,1,,True,0,4,30,0.5,0.2,fixed,1000,1000,128,38,1,,435,1510,0.004766809000003036,1049,38,1011
9,iterative,auto,warm,1,,True,0,5,30,0.5,0.2,fixed,1000,1000,130,36,1,,435,1604,0.08396931200000068,1139,36,1103
9,iterative,auto,warm,1,,True,0,6,30,0.5,0.2,fixed,1000,1000,1000,1202,1,,435,1402,0.04272489600000284,1216,1202,14
9,iterative,auto,warm,1,,True,0,7,30,0.5,0.2,fixed,1000,1000,54,10,1,,435,1446,0.10526351899999753,1002,10,992
9,iterative,auto,warm,1,,True,0,8,30,0.5,0.2,fixed,1000,1000,1000,1015,1,,435,1431,0.024884083999999973,1031,1015,16
9,iterative,auto,warm,1,,True,0.1,0,30,0.5,0.2,fixed,1000,100,100,424,1,,435,101,0.0030351690000003373,0,0,0
9,iterative,auto,warm,1,,True,0.1,1,30,0.5,0.2,fixed,1000,1000,1000,57,1,,435,1044,0.13488295599999844,100,52,48
9,iterative,auto,warm,1,,True,0.1,2,30,0.5,0.2,fixed,1000,1000,1000,701,1,,435,1343,0.11874457300000074,720,699,21
9,iterative,auto,warm,1,,True,0.1,3,30,0.5,0.2,fixed,1000,1000,80,129,1,,435,1294,0.17088469899999836,1005,23,982
9,iterative,auto,warm,1,,True,0.1,4,30,0.5,0.2,fixed,1000,1000,365,167,1,,435,1492,0.18094153699999538,938,79,859
9,iterative,auto,warm,1,,True,0.1,5,30,0.5,0.2,fixed,1000,1000,363,222,1,,435,1633,0.2614992150000006,1116,106,1010
9,iterative,auto,warm,1,,True,0.1,6,30,0.5,0.2,fixed,1000,1000,1000,1232,1,,435,1401,0.1672907139999964,1245,1228,17
9,iterative,auto,warm,1,,True,0.1,7,30,0.5,0.2,fixed,1000,1000,54,100,1,,435,1355,0.07574261000000604,1011,7,1004
9,iterative,auto,warm,1,,True,0.1,8,30,0.5,0.2,fixed,1000,1000,1000,934,1,,435,1421,0.08580879799999508,946,934,12
9,iterative,auto,warm,1,,True,0.3,0,30,0.5,0.2,fixed,1000,100,100,530,1,,435,101,0.00301891099999807,0,0,0
9,iterative,auto,warm,1,,True,0.3,1,30,0.5,0.2,fixed,1000,1000,1000,68,1,,435,1033,0.09558356200000162,100,52,48
9,iterative,auto,warm,1,,True,0.3,2,30,0.5,0.2,fixed,1000,1000,1000,698,1,,435,1335,0.09947193600000048,708,692,16
9,iterative,auto,warm,1,,True,0.3,3,30,0.5,0.2,fixed,1000,1000,230,341,1,,435,1224,0.07423517099999799,975,60,915
9,iterative,auto,warm,1,,True,0.3,4,30,0.5,0.2,fixed,1000,1000,80,248,1,,435,1056,0.13828171700000524,872,22,850
9,iterative,auto,warm,1,,True,0.3,5,30,0.5,0.2,fixed,1000,1000,202,222,1,,435,1036,0.10016546199999965,688,35,653
9,iterative,auto,warm,1,,True,0.3,6,30,0.5,0.2,fixed,1000,1000,457,272,1,,435,1221,0.12374060500000184,680,79,601
9,iterative,auto,warm,1,,True,0.3,7,30,0.5,0.2,fixed,1000,1000,294,288,1,,435,1227,0.15379955699999925,848,43,805
9,iterative,auto,warm,1,,True,0.3,8,30,0.5,0.2,fixed,1000,1000,1000,835,1,,435,1392,0.045430301999999756,841,834,7
9,iterative,auto,warm,1,,True,0.3,9,30,0.5,0.2,fixed,1000,1000,54,273,1,,435,1173,0.13251631100000338,998,19,979
9,iterative,auto,warm,1,,True,0.3,10,30,0.5,0.2,fixed,1000,1000,54,234,1,,435,993,0.17197542100000618,797,12,785
9,iterative,auto,warm,1,,True,0.3,11,30,0.5,0.2,fixed,1000,1000,1000,582,1,,435,1411,0.2658509230000021,589,581,8
9,iterative,auto,warm,1,,True,0.3,12,30,0.5,0.2,fixed,1000,1000,76,602,1,,435,885,0.21802487499999756,1001,519,482
9,iterative,auto,warm,1,,True,0.3,13,30,0.5,0.2,fixed,1000,1000,84,150,1,,435,819,0.1674472420000015,471,86,385
9,iterative,auto,warm,1,,True,0.3,14,30,0.5,0.2,fixed,1000,1000,86,121,1,,435,784,0.16390958499999897,409,60,349
9,iterative,auto,warm,1,,True,0.3,15,30,0.5,0.2,fixed,1000,1000,42,121,1,,435,705,0.15241817100000077,375,80,295
9,iterative,auto,warm,1,,True,0.3,16,30,0.5,0.2,fixed,1000,1000,146,48,1,,435,803,0.16164225800000054,294,27,267
9,iterative,auto,warm,1,,True,0.3,17,30,0.5,0.2,fixed,1000,1000,150,141,1,,435,812,0.17793963900000165,397,123,274
9,iterative,auto,warm,1,,True,0.3,18,30,0.5,0.2,fixed,1000,1000,39,153,1,,435,698,0.15265391700000208,401,130,271
9,iterative,auto,warm,1,,True,0.3,19,30,0.5,0.2,fixed,1000,1000,198,79,1,,435,817,0.19122447099999818,291,70,221
9,iterative,auto,warm,1,,True,0.3,20,30,0.5,0.2,fixed,1000,1000,149,159,1,,435,807,0.004139721999997903,412,140,272
