solve_id,solve_type,method,warm_start,min_search_proportion,threshold_proportion,remove_constraints,sub_solve_id,n,p,q,cut_type,cut_value,cuts_sought,cuts_added,cuts_removed,search_proportion_used,current_threshold,variables,constraints,cpu_time
5,iterative,auto,warm,1,,True,0,120,0.5,0.2,fixed,1000,100,100,0,1,,7140,101,0.016883301999769174
5,iterative,auto,warm,1,,True,1,120,0.5,0.2,fixed,1000,1000,1000,100,1,,7140,1001,0.05246171800172306
5,iterative,auto,warm,1,,True,2,120,0.5,0.2,fixed,1000,1000,1000,1000,1,,7140,1001,0.036247990999981994
5,iterative,auto,warm,1,,True,3,120,0.5,0.2,fixed,1000,1000,1000,1000,1,,7140,1001,0.0333403750009893
5,iterative,auto,warm,1,,True,4,120,0.5,0.2,fixed,1000,1000,1000,603,1,,7140,1398,0.05663608800023212
5,iterative,auto,warm,1,,True,5,120,0.5,0.2,fixed,1000,1000,1000,689,1,,7140,1709,0.07402167500185897
5,iterative,auto,warm,1,,True,6,120,0.5,0.2,fixed,1000,1000,1000,513,1,,7140,2196,0.10114742099904106
5,iterative,auto,warm,1,,True,7,120,0.5,0.2,fixed,1000,1000,1000,354,1,,7140,2842,0.15558649100057664
5,iterative,auto,warm,1,,True,8,120,0.5,0.2,fixed,1000,1000,1000,516,1,,7140,3326,0.20334909899975173
5,iterative,auto,warm,1,,True,9,120,0.5,0.2,fixed,1000,1000,1000,642,1,,7140,3684,0.35774091799976304
5,iterative,auto,warm,1,,True,10,120,0.5,0.2,fixed,1000,1000,1000,819,1,,7140,3865,0.38245439100137446
5,iterative,auto,warm,1,,True,11,120,0.5,0.2,fixed,1000,1000,1000,827,1,,7140,4038,0.3701205320030567
5,iterative,auto,warm,1,,True,12,120,0.5,0.2,fixed,1000,1000,1000,848,1,,7140,4190,0.593488514998171
5,iterative,auto,warm,1,,True,13,120,0.5,0.2,fixed,1000,1000,1000,844,1,,7140,4346,0.6280063599988353
5,iterative,auto,warm,1,,True,14,120,0.5,0.2,fixed,1000,1000,1000,854,1,,7140,4492,0.6936383809988911
5,iterative,auto,warm,1,,True,15,120,0.5,0.2,fixed,1000,1000,1000,801,1,,7140,4691,2.680857205999928
5,iterative,auto,warm,1,,True,16,120,0.5,0.2,fixed,1000,1000,1000,845,1,,7140,4846,2.7526181409994024
5,iterative,auto,warm,1,,True,17,120,0.5,0.2,fixed,1000,1000,1000,838,1,,7140,5008,4.909514226001193
5,iterative,auto,warm,1,,True,18,120,0.5,0.2,fixed,1000,1000,1000,871,1,,7140,5137,7.174229611999181
5,iterative,auto,warm,1,,True,19,120,0.5,0.2,fixed,1000,1000,1000,863,1,,7140,5274,9.611298850999447
5,iterative,auto,warm,1,,True,20,120,0.5,0.2,fixed,1000,1000,1000,808,1,,7140,5466,11.791080023001996
5,iterative,auto,warm,1,,True,21,120,0.5,0.2,fixed,1000,1000,1000,845,1,,7140,5621,17.7119087760002
5,iterative,auto,warm,1,,True,22,120,0.5,0.2,fixed,1000,1000,1000,829,1,,7140,5792,20.524903655001253
5,iterative,auto,warm,1,,True,23,120,0.5,0.2,fixed,1000,1000,1000,867,1,,7140,5925,24.774329628002306
5,iterative,auto,warm,1,,True,24,120,0.5,0.2,fixed,1000,1000,1000,839,1,,7140,6086,31.147704731996782
5,iterative,auto,warm,1,,True,25,120,0.5,0.2,fixed,1000,1000,1000,852,1,,7140,6234,36.8679808199995
5,iterative,auto,warm,1,,True,26,120,0.5,0.2,fixed,1000,1000,1000,861,1,,7140,6373,41.226909750999766
5,iterative,auto,warm,1,,True,27,120,0.5,0.2,fixed,1000,1000,1000,911,1,,7140,6462,44.55709996600126
5,iterative,auto,warm,1,,True,28,120,0.5,0.2,fixed,1000,1000,1000,891,1,,7140,6571,48.77704149499914
5,iterative,auto,warm,1,,True,29,120,0.5,0.2,fixed,1000,1000,1000,911,1,,7140,6660,54.54348260200277
5,iterative,auto,warm,1,,True,30,120,0.5,0.2,fixed,1000,1000,1000,889,1,,7140,6771,61.35661267899923
5,iterative,auto,warm,1,,True,31,120,0.5,0.2,fixed,1000,1000,1000,903,1,,7140,6868,63.23248233399863
5,iterative,auto,warm,1,,True,32,120,0.5,0.2,fixed,1000,1000,1000,888,1,,7140,6980,72.42419837099806
5,iterative,auto,warm,1,,True,33,120,0.5,0.2,fixed,1000,1000,1000,922,1,,7140,7058,80.15917745099796
5,iterative,auto,warm,1,,True,34,120,0.5,0.2,fixed,1000,1000,1000,931,1,,7140,7127,92.9232113470025
5,iterative,auto,warm,1,,True,35,120,0.5,0.2,fixed,1000,1000,1000,969,1,,7140,7158,96.39930853799888
5,iterative,auto,warm,1,,True,36,120,0.5,0.2,fixed,1000,1000,1000,994,1,,7140,7164,90.56942630299818
5,iterative,auto,warm,1,,True,37,120,0.5,0.2,fixed,1000,1000,1000,985,1,,7140,7179,98.0833640560013
5,iterative,auto,warm,1,,True,38,120,0.5,0.2,fixed,1000,1000,1000,995,1,,7140,7184,87.30720157199903
5,iterative,auto,warm,1,,True,39,120,0.5,0.2,fixed,1000,1000,1000,984,1,,7140,7200,89.16707367399795
5,iterative,auto,warm,1,,True,40,120,0.5,0.2,fixed,1000,1000,1000,996,1,,7140,7204,77.52676276900092
5,iterative,auto,warm,1,,True,41,120,0.5,0.2,fixed,1000,1000,1000,1000,1,,7140,7204,86.83673030800128
5,iterative,auto,warm,1,,True,42,120,0.5,0.2,fixed,1000,1000,1000,998,1,,7140,7206,70.32715988800192
5,iterative,auto,warm,1,,True,43,120,0.5,0.2,fixed,1000,1000,1000,1032,1,,7140,7174,62.343710586003
5,iterative,auto,warm,1,,True,44,120,0.5,0.2,fixed,1000,1000,1000,1021,1,,7140,7153,67.24614756899973
5,iterative,auto,warm,1,,True,45,120,0.5,0.2,fixed,1000,1000,1000,987,1,,7140,7166,68.50795577499957
5,iterative,auto,warm,1,,True,46,120,0.5,0.2,fixed,1000,1000,1000,959,1,,7140,7207,66.32195759599927
5,iterative,auto,warm,1,,True,47,120,0.5,0.2,fixed,1000,1000,1000,913,1,,7140,7294,69.81401291499787
5,iterative,auto,warm,1,,True,48,120,0.5,0.2,fixed,1000,1000,234,859,1,,7140,6669,63.00453187400126
5,iterative,auto,warm,1,,True,49,120,0.5,0.2,fixed,1000,1000,1000,233,1,,7140,7436,74.66141822000282
