solve_id,solve_type,method,warm_start,min_search_proportion,threshold_proportion,remove_constraints,sub_solve_id,n,p,q,cut_type,cut_value,cuts_sought,cuts_added,cuts_removed,search_proportion_used,current_threshold,variables,constraints,cpu_time
11,iterative,auto,warm,1,,True,0,150,0.5,0.2,fixed,1000,100,100,0,1,,11175,101,0.020368771991343237
11,iterative,auto,warm,1,,True,1,150,0.5,0.2,fixed,1000,1000,1000,100,1,,11175,1001,0.06681365700205788
11,iterative,auto,warm,1,,True,2,150,0.5,0.2,fixed,1000,1000,1000,1000,1,,11175,1001,0.02461245899030473
11,iterative,auto,warm,1,,True,3,150,0.5,0.2,fixed,1000,1000,1000,1000,1,,11175,1001,0.058220363993314095
11,iterative,auto,warm,1,,True,4,150,0.5,0.2,fixed,1000,1000,1000,451,1,,11175,1550,0.05126123799709603
11,iterative,auto,warm,1,,True,5,150,0.5,0.2,fixed,1000,1000,1000,867,1,,11175,1683,0.057314081001095474
11,iterative,auto,warm,1,,True,6,150,0.5,0.2,fixed,1000,1000,1000,669,1,,11175,2014,0.08880494500044733
11,iterative,auto,warm,1,,True,7,150,0.5,0.2,fixed,1000,1000,1000,604,1,,11175,2410,0.10667598099098541
11,iterative,auto,warm,1,,True,8,150,0.5,0.2,fixed,1000,1000,1000,308,1,,11175,3102,0.14271992500289343
11,iterative,auto,warm,1,,True,9,150,0.5,0.2,fixed,1000,1000,1000,376,1,,11175,3726,0.20663442400109489
11,iterative,auto,warm,1,,True,10,150,0.5,0.2,fixed,1000,1000,1000,537,1,,11175,4189,0.2694181450060569
11,iterative,auto,warm,1,,True,11,150,0.5,0.2,fixed,1000,1000,1000,632,1,,11175,4557,0.34318786700896453
11,iterative,auto,warm,1,,True,12,150,0.5,0.2,fixed,1000,1000,1000,647,1,,11175,4910,0.44261431199265644
11,iterative,auto,warm,1,,True,13,150,0.5,0.2,fixed,1000,1000,1000,813,1,,11175,5097,0.41555943999264855
11,iterative,auto,warm,1,,True,14,150,0.5,0.2,fixed,1000,1000,1000,777,1,,11175,5320,0.5821856610127725
11,iterative,auto,warm,1,,True,15,150,0.5,0.2,fixed,1000,1000,1000,849,1,,11175,5471,0.6069838759867707
11,iterative,auto,warm,1,,True,16,150,0.5,0.2,fixed,1000,1000,1000,814,1,,11175,5657,0.6893235699972138
11,iterative,auto,warm,1,,True,17,150,0.5,0.2,fixed,1000,1000,1000,810,1,,11175,5847,0.864455774993985
11,iterative,auto,warm,1,,True,18,150,0.5,0.2,fixed,1000,1000,1000,860,1,,11175,5987,0.7732500260026427
11,iterative,auto,warm,1,,True,19,150,0.5,0.2,fixed,1000,1000,1000,883,1,,11175,6104,0.9451977470016573
11,iterative,auto,warm,1,,True,20,150,0.5,0.2,fixed,1000,1000,1000,909,1,,11175,6195,1.0504314910067478
11,iterative,auto,warm,1,,True,21,150,0.5,0.2,fixed,1000,1000,1000,885,1,,11175,6310,16.6377968040033
11,iterative,auto,warm,1,,True,22,150,0.5,0.2,fixed,1000,1000,1000,874,1,,11175,6436,22.03547081099532
11,iterative,auto,warm,1,,True,23,150,0.5,0.2,fixed,1000,1000,1000,912,1,,11175,6524,25.614112703988212
11,iterative,auto,warm,1,,True,24,150,0.5,0.2,fixed,1000,1000,1000,823,1,,11175,6701,27.882768095994834
11,iterative,auto,warm,1,,True,25,150,0.5,0.2,fixed,1000,1000,1000,853,1,,11175,6848,27.74364000800415
11,iterative,auto,warm,1,,True,26,150,0.5,0.2,fixed,1000,1000,1000,815,1,,11175,7033,31.28313935600454
11,iterative,auto,warm,1,,True,27,150,0.5,0.2,fixed,1000,1000,1000,828,1,,11175,7205,33.711910901998635
11,iterative,auto,warm,1,,True,28,150,0.5,0.2,fixed,1000,1000,1000,805,1,,11175,7400,36.70702922399505
11,iterative,auto,warm,1,,True,29,150,0.5,0.2,fixed,1000,1000,1000,855,1,,11175,7545,37.06403587698878
11,iterative,auto,warm,1,,True,30,150,0.5,0.2,fixed,1000,1000,1000,820,1,,11175,7725,41.51099653399433
11,iterative,auto,warm,1,,True,31,150,0.5,0.2,fixed,1000,1000,1000,887,1,,11175,7838,41.935453546000645
11,iterative,auto,warm,1,,True,32,150,0.5,0.2,fixed,1000,1000,1000,845,1,,11175,7993,44.36739306799427
11,iterative,auto,warm,1,,True,33,150,0.5,0.2,fixed,1000,1000,1000,859,1,,11175,8134,54.586576458998024
11,iterative,auto,warm,1,,True,34,150,0.5,0.2,fixed,1000,1000,1000,817,1,,11175,8317,62.055739117000485
11,iterative,auto,warm,1,,True,35,150,0.5,0.2,fixed,1000,1000,1000,832,1,,11175,8485,63.671543318007025
11,iterative,auto,warm,1,,True,36,150,0.5,0.2,fixed,1000,1000,1000,846,1,,11175,8639,71.17082815300091
11,iterative,auto,warm,1,,True,37,150,0.5,0.2,fixed,1000,1000,1000,838,1,,11175,8801,74.78099675900012
11,iterative,auto,warm,1,,True,38,150,0.5,0.2,fixed,1000,1000,1000,822,1,,11175,8979,75.72944056399865
11,iterative,auto,warm,1,,True,39,150,0.5,0.2,fixed,1000,1000,1000,855,1,,11175,9124,78.19400754700473
11,iterative,auto,warm,1,,True,40,150,0.5,0.2,fixed,1000,1000,1000,861,1,,11175,9263,88.85868157199002
11,iterative,auto,warm,1,,True,41,150,0.5,0.2,fixed,1000,1000,1000,880,1,,11175,9383,93.56050183900516
11,iterative,auto,warm,1,,True,42,150,0.5,0.2,fixed,1000,1000,1000,869,1,,11175,9514,94.86749821899866
11,iterative,auto,warm,1,,True,43,150,0.5,0.2,fixed,1000,1000,1000,867,1,,11175,9647,103.47978278099617
11,iterative,auto,warm,1,,True,44,150,0.5,0.2,fixed,1000,1000,1000,848,1,,11175,9799,107.47239062200242
11,iterative,auto,warm,1,,True,45,150,0.5,0.2,fixed,1000,1000,1000,910,1,,11175,9889,110.83921329099394
11,iterative,auto,warm,1,,True,46,150,0.5,0.2,fixed,1000,1000,1000,919,1,,11175,9970,114.90751595399342
11,iterative,auto,warm,1,,True,47,150,0.5,0.2,fixed,1000,1000,1000,841,1,,11175,10129,126.17295341100544
11,iterative,auto,warm,1,,True,48,150,0.5,0.2,fixed,1000,1000,1000,888,1,,11175,10241,125.40525482299563
11,iterative,auto,warm,1,,True,49,150,0.5,0.2,fixed,1000,1000,1000,890,1,,11175,10351,133.16251753200777
11,iterative,auto,warm,1,,True,50,150,0.5,0.2,fixed,1000,1000,1000,949,1,,11175,10402,139.4699478699913
11,iterative,auto,warm,1,,True,51,150,0.5,0.2,fixed,1000,1000,1000,947,1,,11175,10455,155.3462368210021
11,iterative,auto,warm,1,,True,52,150,0.5,0.2,fixed,1000,1000,1000,912,1,,11175,10543,141.92953821299307
11,iterative,auto,warm,1,,True,53,150,0.5,0.2,fixed,1000,1000,1000,929,1,,11175,10614,163.5641602120013
11,iterative,auto,warm,1,,True,54,150,0.5,0.2,fixed,1000,1000,1000,923,1,,11175,10691,166.20400964499277
11,iterative,auto,warm,1,,True,55,150,0.5,0.2,fixed,1000,1000,1000,898,1,,11175,10793,173.83237020600063
11,iterative,auto,warm,1,,True,56,150,0.5,0.2,fixed,1000,1000,1000,956,1,,11175,10837,176.71196242200676
11,iterative,auto,warm,1,,True,57,150,0.5,0.2,fixed,1000,1000,1000,929,1,,11175,10908,185.53395085899683
11,iterative,auto,warm,1,,True,58,150,0.5,0.2,fixed,1000,1000,1000,974,1,,11175,10934,189.62137923200498
11,iterative,auto,warm,1,,True,59,150,0.5,0.2,fixed,1000,1000,1000,951,1,,11175,10983,182.44825266300177
11,iterative,auto,warm,1,,True,60,150,0.5,0.2,fixed,1000,1000,1000,965,1,,11175,11018,194.9436659510102
11,iterative,auto,warm,1,,True,61,150,0.5,0.2,fixed,1000,1000,1000,975,1,,11175,11043,197.53061341399734
11,iterative,auto,warm,1,,True,62,150,0.5,0.2,fixed,1000,1000,1000,1000,1,,11175,11043,186.29627104499377
11,iterative,auto,warm,1,,True,63,150,0.5,0.2,fixed,1000,1000,1000,995,1,,11175,11048,198.30931264700484
11,iterative,auto,warm,1,,True,64,150,0.5,0.2,fixed,1000,1000,1000,987,1,,11175,11061,199.55730207999295
11,iterative,auto,warm,1,,True,65,150,0.5,0.2,fixed,1000,1000,1000,1041,1,,11175,11020,185.54959367599804
11,iterative,auto,warm,1,,True,66,150,0.5,0.2,fixed,1000,1000,1000,1051,1,,11175,10969,192.84970392599644
11,iterative,auto,warm,1,,True,67,150,0.5,0.2,fixed,1000,1000,1000,1005,1,,11175,10964,227.03280607300985
11,iterative,auto,warm,1,,True,68,150,0.5,0.2,fixed,1000,1000,1000,972,1,,11175,10992,268.38035199200385
11,iterative,auto,warm,1,,True,69,150,0.5,0.2,fixed,1000,1000,1000,1051,1,,11175,10941,206.33132274200034
11,iterative,auto,warm,1,,True,70,150,0.5,0.2,fixed,1000,1000,1000,1003,1,,11175,10938,253.69479237600171
11,iterative,auto,warm,1,,True,71,150,0.5,0.2,fixed,1000,1000,1000,950,1,,11175,10988,239.09414985099284
11,iterative,auto,warm,1,,True,72,150,0.5,0.2,fixed,1000,1000,1000,942,1,,11175,11046,267.2719930170133
11,iterative,auto,warm,1,,True,73,150,0.5,0.2,fixed,1000,1000,1000,908,1,,11175,11138,260.3521585389972
11,iterative,auto,warm,1,,True,74,150,0.5,0.2,fixed,1000,1000,1000,904,1,,11175,11234,263.48942559400166
11,iterative,auto,warm,1,,True,75,150,0.5,0.2,fixed,1000,1000,1000,900,1,,11175,11334,257.5602904030093
11,iterative,auto,warm,1,,True,76,150,0.5,0.2,fixed,1000,1000,588,865,1,,11175,11057,249.18024531500123
11,iterative,auto,warm,1,,True,77,150,0.5,0.2,fixed,1000,1000,294,485,1,,11175,10866,307.5966455320013
11,iterative,auto,warm,1,,True,78,150,0.5,0.2,fixed,1000,1000,294,286,1,,11175,10874,251.95422991900705
11,iterative,auto,warm,1,,True,79,150,0.5,0.2,fixed,1000,1000,1000,268,1,,11175,11606,272.34596527399844
11,iterative,auto,warm,1,,True,80,150,0.5,0.2,fixed,1000,1000,1000,977,1,,11175,11629,377.49045693200605
11,iterative,auto,warm,1,,True,81,150,0.5,0.2,fixed,1000,1000,1000,995,1,,11175,11634,280.2750784079981
