solve_id,solve_type,method,warm_start,min_search_proportion,threshold_proportion,remove_constraints,zero_slack_likelihood,sub_solve_id,n,p,q,cut_type,cut_value,cuts_sought,cuts_added,cuts_removed,search_proportion_used,current_threshold,variables,constraints,cpu_time,dual_0_constraints,dual_0_with_slack,dual_0_no_slack
21,iterative,auto,warm,1,,False,0,0,30,0.5,0.2,fixed,1000,100,100,0,1,,435,101,0.0028449399999885827,0,0,0
21,iterative,auto,warm,1,,False,0,1,30,0.5,0.2,fixed,1000,1000,1000,0,1,,435,1101,0.14196057999998857,0,0,0
21,iterative,auto,warm,1,,False,0,2,30,0.5,0.2,fixed,1000,1000,1000,0,1,,435,2101,0.3243305229999862,0,0,0
21,iterative,auto,warm,1,,False,0,3,30,0.5,0.2,fixed,1000,1000,9,0,1,,435,2110,0.008276436999977932,0,0,0
21,iterative,auto,warm,1,,True,0,0,30,0.5,0.2,fixed,1000,100,100,0,1,,435,101,0.0029317560000095,0,0,0
21,iterative,auto,warm,1,,True,0,1,30,0.5,0.2,fixed,1000,1000,1000,44,1,,435,1057,0.11002815899999518,100,44,56
21,iterative,auto,warm,1,,True,0,2,30,0.5,0.2,fixed,1000,1000,1000,718,1,,435,1339,0.08999095300001159,738,718,20
21,iterative,auto,warm,1,,True,0,3,30,0.5,0.2,fixed,1000,1000,160,32,1,,435,1467,0.10937588399997367,957,32,925
21,iterative,auto,warm,1,,True,0,4,30,0.5,0.2,fixed,1000,1000,1000,1050,1,,435,1417,0.16858511599997428,1064,1050,14
21,iterative,auto,warm,1,,True,0,5,30,0.5,0.2,fixed,1000,1000,802,977,1,,435,1242,0.0099078989999839,990,977,13
21,iterative,auto,warm,1,,True,0.1,0,30,0.5,0.2,fixed,1000,100,100,178,1,,435,101,0.0028443979999792646,0,0,0
21,iterative,auto,warm,1,,True,0.1,1,30,0.5,0.2,fixed,1000,1000,1000,58,1,,435,1043,0.12354258699997445,100,49,51
21,iterative,auto,warm,1,,True,0.1,2,30,0.5,0.2,fixed,1000,1000,1000,710,1,,435,1333,0.13751722899999663,741,709,32
21,iterative,auto,warm,1,,True,0.1,3,30,0.5,0.2,fixed,1000,1000,156,133,1,,435,1356,0.14829982699998823,987,41,946
21,iterative,auto,warm,1,,True,0.1,4,30,0.5,0.2,fixed,1000,1000,80,148,1,,435,1288,0.12257010800001922,998,45,953
21,iterative,auto,warm,1,,True,0.1,5,30,0.5,0.2,fixed,1000,1000,78,113,1,,435,1253,0.11317398799999978,940,25,915
21,iterative,auto,warm,1,,True,0.1,6,30,0.5,0.2,fixed,1000,1000,80,113,1,,435,1220,0.11215299500000242,893,22,871
21,iterative,auto,warm,1,,True,0.1,7,30,0.5,0.2,fixed,1000,1000,80,106,1,,435,1194,0.18110050100000308,865,15,850
21,iterative,auto,warm,1,,True,0.1,8,30,0.5,0.2,fixed,1000,1000,255,132,1,,435,1317,0.04814277200000561,813,55,758
21,iterative,auto,warm,1,,True,0.1,9,30,0.5,0.2,fixed,1000,1000,1000,919,1,,435,1398,0.1997572330000139,928,917,11
21,iterative,auto,warm,1,,True,0.1,10,30,0.5,0.2,fixed,1000,1000,204,150,1,,435,1452,0.21636005299998828,994,44,950
21,iterative,auto,warm,1,,True,0.1,11,30,0.5,0.2,fixed,1000,1000,54,115,1,,435,1391,0.18650633499999003,1041,11,1030
21,iterative,auto,warm,1,,True,0.1,12,30,0.5,0.2,fixed,1000,1000,54,121,1,,435,1324,0.18045830399998408,987,18,969
21,iterative,auto,warm,1,,True,0.1,13,30,0.5,0.2,fixed,1000,1000,54,98,1,,435,1280,0.19960922500001743,922,13,909
21,iterative,auto,warm,1,,True,0.1,14,30,0.5,0.2,fixed,1000,1000,54,105,1,,435,1229,0.2410775079999894,880,9,871
21,iterative,auto,warm,1,,True,0.1,15,30,0.5,0.2,fixed,1000,1000,1000,808,1,,435,1421,0.2664741000000106,817,807,10
21,iterative,auto,warm,1,,True,0.1,16,30,0.5,0.2,fixed,1000,1000,10,419,1,,435,1012,0.005220060999988618,1000,378,622
21,iterative,auto,warm,1,,True,0.3,0,30,0.5,0.2,fixed,1000,100,100,44,1,,435,101,0.0029075779999914175,0,0,0
21,iterative,auto,warm,1,,True,0.3,1,30,0.5,0.2,fixed,1000,1000,1000,59,1,,435,1042,0.15126275200000805,100,45,55
21,iterative,auto,warm,1,,True,0.3,2,30,0.5,0.2,fixed,1000,1000,1000,711,1,,435,1331,0.15922835500001042,721,707,14
21,iterative,auto,warm,1,,True,0.3,3,30,0.5,0.2,fixed,1000,1000,80,327,1,,435,1084,0.11153738200002294,967,37,930
21,iterative,auto,warm,1,,True,0.3,4,30,0.5,0.2,fixed,1000,1000,158,232,1,,435,1010,0.09112762099999827,730,21,709
21,iterative,auto,warm,1,,True,0.3,5,30,0.5,0.2,fixed,1000,1000,155,244,1,,435,921,0.08299822399999357,663,32,631
21,iterative,auto,warm,1,,True,0.3,6,30,0.5,0.2,fixed,1000,1000,156,187,1,,435,890,0.1063641369999857,585,10,575
21,iterative,auto,warm,1,,True,0.3,7,30,0.5,0.2,fixed,1000,1000,1000,516,1,,435,1374,0.13273897599998463,527,514,13
21,iterative,auto,warm,1,,True,0.3,8,30,0.5,0.2,fixed,1000,1000,1000,964,1,,435,1410,0.17171453199998155,966,962,4
21,iterative,auto,warm,1,,True,0.3,9,30,0.5,0.2,fixed,1000,1000,54,278,1,,435,1186,0.19754486499999757,1012,25,987
21,iterative,auto,warm,1,,True,0.3,10,30,0.5,0.2,fixed,1000,1000,1000,764,1,,435,1422,0.2650710929999889,776,760,16
21,iterative,auto,warm,1,,True,0.3,11,30,0.5,0.2,fixed,1000,1000,67,563,1,,435,926,0.19283196299997485,1004,429,575
21,iterative,auto,warm,1,,True,0.3,12,30,0.5,0.2,fixed,1000,1000,84,166,1,,435,844,0.15463594899998157,511,82,429
21,iterative,auto,warm,1,,True,0.3,13,30,0.5,0.2,fixed,1000,1000,172,149,1,,435,867,0.1898308840000027,433,84,349
21,iterative,auto,warm,1,,True,0.3,14,30,0.5,0.2,fixed,1000,1000,148,200,1,,435,815,0.16927799000001187,459,150,309
21,iterative,auto,warm,1,,True,0.3,15,30,0.5,0.2,fixed,1000,1000,84,180,1,,435,719,0.16253197400001795,405,138,267
21,iterative,auto,warm,1,,True,0.3,16,30,0.5,0.2,fixed,1000,1000,197,111,1,,435,805,0.16034635899998761,309,88,221
21,iterative,auto,warm,1,,True,0.3,17,30,0.5,0.2,fixed,1000,1000,133,192,1,,435,746,0.16629294000000527,397,164,233
21,iterative,auto,warm,1,,True,0.3,18,30,0.5,0.2,fixed,1000,1000,144,124,1,,435,766,0.15941922099997896,337,107,230
21,iterative,auto,warm,1,,True,0.3,19,30,0.5,0.2,fixed,1000,1000,195,166,1,,435,795,0.1839524070000209,359,148,211
21,iterative,auto,warm,1,,True,0.3,20,30,0.5,0.2,fixed,1000,1000,135,204,1,,435,726,0.15310261100000844,389,197,192
21,iterative,auto,warm,1,,True,0.3,21,30,0.5,0.2,fixed,1000,1000,207,122,1,,435,811,0.1707934529999875,320,103,217
21,iterative,auto,warm,1,,True,0.3,22,30,0.5,0.2,fixed,1000,1000,109,201,1,,435,719,0.16356757400001243,404,189,215
21,iterative,auto,warm,1,,True,0.3,23,30,0.5,0.2,fixed,1000,1000,223,129,1,,435,813,0.18268188799999052,314,117,197
21,iterative,auto,warm,1,,True,0.3,24,30,0.5,0.2,fixed,1000,1000,162,232,1,,435,743,0.1673111899999924,408,221,187
21,iterative,auto,warm,1,,True,0.3,25,30,0.5,0.2,fixed,1000,1000,303,158,1,,435,888,0.17366309499999488,338,151,187
21,iterative,auto,warm,1,,True,0.3,26,30,0.5,0.2,fixed,1000,1000,175,298,1,,435,765,0.1643597750000083,482,295,187
21,iterative,auto,warm,1,,True,0.3,27,30,0.5,0.2,fixed,1000,1000,97,144,1,,435,718,0.155993814999988,360,136,224
21,iterative,auto,warm,1,,True,0.3,28,30,0.5,0.2,fixed,1000,1000,144,99,1,,435,763,0.16977745200000527,310,88,222
21,iterative,auto,warm,1,,True,0.3,29,30,0.5,0.2,fixed,1000,1000,143,169,1,,435,737,0.004253104000014218,357,164,193
