solve_id,solve_type,method,warm_start,min_search_proportion,threshold_proportion,remove_constraints,sub_solve_id,n,p,q,cut_type,cut_value,cuts_sought,cuts_added,cuts_removed,search_proportion_used,current_threshold,variables,constraints,cpu_time
16,iterative,auto,warm,1,,True,0,130,0.5,0.2,fixed,1000,100,100,0,1,,8385,101,0.018755602999590337
16,iterative,auto,warm,1,,True,1,130,0.5,0.2,fixed,1000,1000,1000,100,1,,8385,1001,0.058932330008246936
16,iterative,auto,warm,1,,True,2,130,0.5,0.2,fixed,1000,1000,1000,1000,1,,8385,1001,0.03400441800476983
16,iterative,auto,warm,1,,True,3,130,0.5,0.2,fixed,1000,1000,1000,1000,1,,8385,1001,0.0338435690064216
16,iterative,auto,warm,1,,True,4,130,0.5,0.2,fixed,1000,1000,1000,627,1,,8385,1374,0.05211371100449469
16,iterative,auto,warm,1,,True,5,130,0.5,0.2,fixed,1000,1000,1000,561,1,,8385,1813,0.07381368800997734
16,iterative,auto,warm,1,,True,6,130,0.5,0.2,fixed,1000,1000,1000,535,1,,8385,2278,0.09236164299363736
16,iterative,auto,warm,1,,True,7,130,0.5,0.2,fixed,1000,1000,1000,327,1,,8385,2951,0.15605433499149512
16,iterative,auto,warm,1,,True,8,130,0.5,0.2,fixed,1000,1000,1000,452,1,,8385,3499,0.22341828799108043
16,iterative,auto,warm,1,,True,9,130,0.5,0.2,fixed,1000,1000,1000,708,1,,8385,3791,0.2662107799988007
16,iterative,auto,warm,1,,True,10,130,0.5,0.2,fixed,1000,1000,1000,752,1,,8385,4039,0.31733285199152306
16,iterative,auto,warm,1,,True,11,130,0.5,0.2,fixed,1000,1000,1000,747,1,,8385,4292,0.37678369600325823
16,iterative,auto,warm,1,,True,12,130,0.5,0.2,fixed,1000,1000,1000,821,1,,8385,4471,0.43111741400207393
16,iterative,auto,warm,1,,True,13,130,0.5,0.2,fixed,1000,1000,1000,796,1,,8385,4675,0.5277673959935782
16,iterative,auto,warm,1,,True,14,130,0.5,0.2,fixed,1000,1000,1000,839,1,,8385,4836,0.7736509160022251
16,iterative,auto,warm,1,,True,15,130,0.5,0.2,fixed,1000,1000,1000,811,1,,8385,5025,1.131597271989449
16,iterative,auto,warm,1,,True,16,130,0.5,0.2,fixed,1000,1000,1000,814,1,,8385,5211,2.479055937001249
16,iterative,auto,warm,1,,True,17,130,0.5,0.2,fixed,1000,1000,1000,834,1,,8385,5377,2.3768368390010437
16,iterative,auto,warm,1,,True,18,130,0.5,0.2,fixed,1000,1000,1000,878,1,,8385,5499,3.6780444600008195
16,iterative,auto,warm,1,,True,19,130,0.5,0.2,fixed,1000,1000,1000,872,1,,8385,5627,5.077405824005837
16,iterative,auto,warm,1,,True,20,130,0.5,0.2,fixed,1000,1000,1000,834,1,,8385,5793,7.365543207997689
16,iterative,auto,warm,1,,True,21,130,0.5,0.2,fixed,1000,1000,1000,863,1,,8385,5930,10.583687210004427
16,iterative,auto,warm,1,,True,22,130,0.5,0.2,fixed,1000,1000,1000,805,1,,8385,6125,13.94401665701298
16,iterative,auto,warm,1,,True,23,130,0.5,0.2,fixed,1000,1000,1000,806,1,,8385,6319,20.179109414006234
16,iterative,auto,warm,1,,True,24,130,0.5,0.2,fixed,1000,1000,1000,854,1,,8385,6465,24.034521937996033
16,iterative,auto,warm,1,,True,25,130,0.5,0.2,fixed,1000,1000,1000,847,1,,8385,6618,29.539590075990418
16,iterative,auto,warm,1,,True,26,130,0.5,0.2,fixed,1000,1000,1000,826,1,,8385,6792,31.526763515998027
16,iterative,auto,warm,1,,True,27,130,0.5,0.2,fixed,1000,1000,1000,837,1,,8385,6955,39.27640754300228
16,iterative,auto,warm,1,,True,28,130,0.5,0.2,fixed,1000,1000,1000,823,1,,8385,7132,44.55071504799707
16,iterative,auto,warm,1,,True,29,130,0.5,0.2,fixed,1000,1000,1000,864,1,,8385,7268,63.7413162169978
16,iterative,auto,warm,1,,True,30,130,0.5,0.2,fixed,1000,1000,1000,903,1,,8385,7365,65.82928344501124
16,iterative,auto,warm,1,,True,31,130,0.5,0.2,fixed,1000,1000,1000,817,1,,8385,7548,67.87432920800347
16,iterative,auto,warm,1,,True,32,130,0.5,0.2,fixed,1000,1000,1000,842,1,,8385,7706,74.41450374799024
16,iterative,auto,warm,1,,True,33,130,0.5,0.2,fixed,1000,1000,1000,824,1,,8385,7882,81.10832693299744
16,iterative,auto,warm,1,,True,34,130,0.5,0.2,fixed,1000,1000,1000,900,1,,8385,7982,86.466378445999
16,iterative,auto,warm,1,,True,35,130,0.5,0.2,fixed,1000,1000,1000,895,1,,8385,8087,98.39794670099218
16,iterative,auto,warm,1,,True,36,130,0.5,0.2,fixed,1000,1000,1000,892,1,,8385,8195,101.20422278500337
16,iterative,auto,warm,1,,True,37,130,0.5,0.2,fixed,1000,1000,1000,915,1,,8385,8280,101.02696007299528
16,iterative,auto,warm,1,,True,38,130,0.5,0.2,fixed,1000,1000,1000,948,1,,8385,8332,106.81815498000651
16,iterative,auto,warm,1,,True,39,130,0.5,0.2,fixed,1000,1000,1000,908,1,,8385,8424,113.25551998999435
16,iterative,auto,warm,1,,True,40,130,0.5,0.2,fixed,1000,1000,1000,973,1,,8385,8451,120.96276339399628
16,iterative,auto,warm,1,,True,41,130,0.5,0.2,fixed,1000,1000,1000,955,1,,8385,8496,103.8902991960058
16,iterative,auto,warm,1,,True,42,130,0.5,0.2,fixed,1000,1000,1000,934,1,,8385,8562,109.95870600600028
16,iterative,auto,warm,1,,True,43,130,0.5,0.2,fixed,1000,1000,1000,995,1,,8385,8567,118.29914093299885
16,iterative,auto,warm,1,,True,44,130,0.5,0.2,fixed,1000,1000,1000,955,1,,8385,8612,127.47740092400636
16,iterative,auto,warm,1,,True,45,130,0.5,0.2,fixed,1000,1000,1000,979,1,,8385,8633,116.71843725799408
16,iterative,auto,warm,1,,True,46,130,0.5,0.2,fixed,1000,1000,1000,1001,1,,8385,8632,130.54510034399573
16,iterative,auto,warm,1,,True,47,130,0.5,0.2,fixed,1000,1000,1000,949,1,,8385,8683,109.40629473800072
16,iterative,auto,warm,1,,True,48,130,0.5,0.2,fixed,1000,1000,1000,1040,1,,8385,8643,125.18999410899414
16,iterative,auto,warm,1,,True,49,130,0.5,0.2,fixed,1000,1000,1000,986,1,,8385,8657,126.70844816300087
16,iterative,auto,warm,1,,True,50,130,0.5,0.2,fixed,1000,1000,1000,1036,1,,8385,8621,120.05953846500779
16,iterative,auto,warm,1,,True,51,130,0.5,0.2,fixed,1000,1000,1000,1014,1,,8385,8607,126.03945687900705
16,iterative,auto,warm,1,,True,52,130,0.5,0.2,fixed,1000,1000,1000,958,1,,8385,8649,100.1720267720084
16,iterative,auto,warm,1,,True,53,130,0.5,0.2,fixed,1000,1000,1000,1003,1,,8385,8646,103.5892775329994
16,iterative,auto,warm,1,,True,54,130,0.5,0.2,fixed,1000,1000,1000,978,1,,8385,8668,136.34238705900498
16,iterative,auto,warm,1,,True,55,130,0.5,0.2,fixed,1000,1000,1000,931,1,,8385,8737,149.0603639849869
16,iterative,auto,warm,1,,True,56,130,0.5,0.2,fixed,1000,1000,1000,928,1,,8385,8809,103.17384971799038
16,iterative,auto,warm,1,,True,57,130,0.5,0.2,fixed,1000,1000,762,914,1,,8385,8657,150.21894194399647
16,iterative,auto,warm,1,,True,58,130,0.5,0.2,fixed,1000,1000,254,694,1,,8385,8217,129.1337007809925
16,iterative,auto,warm,1,,True,59,130,0.5,0.2,fixed,1000,1000,254,192,1,,8385,8279,140.25123692300986
16,iterative,auto,warm,1,,True,60,130,0.5,0.2,fixed,1000,1000,762,196,1,,8385,8845,176.4803140219883
16,iterative,auto,warm,1,,True,61,130,0.5,0.2,fixed,1000,1000,1000,671,1,,8385,9174,160.17158374701103
16,iterative,auto,warm,1,,True,62,130,0.5,0.2,fixed,1000,1000,254,883,1,,8385,8545,147.474804477999
