solve_id,solve_type,method,warm_start,min_search_proportion,threshold_proportion,remove_constraints,sub_solve_id,n,p,q,cut_type,cut_value,cuts_sought,cuts_added,cuts_removed,search_proportion_used,current_threshold,variables,constraints,cpu_time
3,iterative,auto,warm,1,,True,0,120,0.5,0.2,fixed,1000,100,100,0,1,,7140,101,0.014870895998683409
3,iterative,auto,warm,1,,True,1,120,0.5,0.2,fixed,1000,1000,1000,100,1,,7140,1001,0.05435048899926187
3,iterative,auto,warm,1,,True,2,120,0.5,0.2,fixed,1000,1000,1000,1000,1,,7140,1001,0.03335241300010239
3,iterative,auto,warm,1,,True,3,120,0.5,0.2,fixed,1000,1000,1000,1000,1,,7140,1001,0.04707198700089066
3,iterative,auto,warm,1,,True,4,120,0.5,0.2,fixed,1000,1000,1000,496,1,,7140,1505,0.06361663499956194
3,iterative,auto,warm,1,,True,5,120,0.5,0.2,fixed,1000,1000,1000,629,1,,7140,1876,0.08019373899878701
3,iterative,auto,warm,1,,True,6,120,0.5,0.2,fixed,1000,1000,1000,323,1,,7140,2553,0.1193892869996489
3,iterative,auto,warm,1,,True,7,120,0.5,0.2,fixed,1000,1000,1000,410,1,,7140,3143,0.16927080899949942
3,iterative,auto,warm,1,,True,8,120,0.5,0.2,fixed,1000,1000,1000,668,1,,7140,3475,0.2285331019993464
3,iterative,auto,warm,1,,True,9,120,0.5,0.2,fixed,1000,1000,1000,748,1,,7140,3727,0.33321370399971784
3,iterative,auto,warm,1,,True,10,120,0.5,0.2,fixed,1000,1000,1000,794,1,,7140,3933,0.39204259300095146
3,iterative,auto,warm,1,,True,11,120,0.5,0.2,fixed,1000,1000,1000,777,1,,7140,4156,0.6761949739993725
3,iterative,auto,warm,1,,True,12,120,0.5,0.2,fixed,1000,1000,1000,783,1,,7140,4373,0.9387751489994116
3,iterative,auto,warm,1,,True,13,120,0.5,0.2,fixed,1000,1000,1000,841,1,,7140,4532,1.633492164000927
3,iterative,auto,warm,1,,True,14,120,0.5,0.2,fixed,1000,1000,1000,846,1,,7140,4686,2.209789782998996
3,iterative,auto,warm,1,,True,15,120,0.5,0.2,fixed,1000,1000,1000,867,1,,7140,4819,3.5719237759985845
3,iterative,auto,warm,1,,True,16,120,0.5,0.2,fixed,1000,1000,1000,791,1,,7140,5028,4.429078175999166
3,iterative,auto,warm,1,,True,17,120,0.5,0.2,fixed,1000,1000,1000,814,1,,7140,5214,7.664772516000085
3,iterative,auto,warm,1,,True,18,120,0.5,0.2,fixed,1000,1000,1000,872,1,,7140,5342,10.885830503000761
3,iterative,auto,warm,1,,True,19,120,0.5,0.2,fixed,1000,1000,1000,823,1,,7140,5519,14.919553593001183
3,iterative,auto,warm,1,,True,20,120,0.5,0.2,fixed,1000,1000,1000,836,1,,7140,5683,18.441205060000357
3,iterative,auto,warm,1,,True,21,120,0.5,0.2,fixed,1000,1000,1000,846,1,,7140,5837,21.789943271000084
3,iterative,auto,warm,1,,True,22,120,0.5,0.2,fixed,1000,1000,1000,862,1,,7140,5975,25.581897754998863
3,iterative,auto,warm,1,,True,23,120,0.5,0.2,fixed,1000,1000,1000,855,1,,7140,6120,30.95477319800011
3,iterative,auto,warm,1,,True,24,120,0.5,0.2,fixed,1000,1000,1000,865,1,,7140,6255,36.53818114599926
3,iterative,auto,warm,1,,True,25,120,0.5,0.2,fixed,1000,1000,1000,838,1,,7140,6417,44.762221463999595
3,iterative,auto,warm,1,,True,26,120,0.5,0.2,fixed,1000,1000,1000,838,1,,7140,6579,53.22658275700087
3,iterative,auto,warm,1,,True,27,120,0.5,0.2,fixed,1000,1000,1000,874,1,,7140,6705,62.433896223001284
3,iterative,auto,warm,1,,True,28,120,0.5,0.2,fixed,1000,1000,1000,879,1,,7140,6826,73.92942511000001
3,iterative,auto,warm,1,,True,29,120,0.5,0.2,fixed,1000,1000,1000,907,1,,7140,6919,80.26470893499936
3,iterative,auto,warm,1,,True,30,120,0.5,0.2,fixed,1000,1000,1000,922,1,,7140,6997,89.60650101300052
3,iterative,auto,warm,1,,True,31,120,0.5,0.2,fixed,1000,1000,1000,904,1,,7140,7093,92.63999538700045
3,iterative,auto,warm,1,,True,32,120,0.5,0.2,fixed,1000,1000,1000,956,1,,7140,7137,97.78316508300122
3,iterative,auto,warm,1,,True,33,120,0.5,0.2,fixed,1000,1000,1000,934,1,,7140,7203,106.35039172199868
3,iterative,auto,warm,1,,True,34,120,0.5,0.2,fixed,1000,1000,1000,951,1,,7140,7252,105.89655261900043
3,iterative,auto,warm,1,,True,35,120,0.5,0.2,fixed,1000,1000,1000,953,1,,7140,7299,124.86101351700017
3,iterative,auto,warm,1,,True,36,120,0.5,0.2,fixed,1000,1000,1000,966,1,,7140,7333,128.35447451300024
3,iterative,auto,warm,1,,True,37,120,0.5,0.2,fixed,1000,1000,1000,963,1,,7140,7370,120.6482944849995
3,iterative,auto,warm,1,,True,38,120,0.5,0.2,fixed,1000,1000,1000,981,1,,7140,7389,109.14086968599986
3,iterative,auto,warm,1,,True,39,120,0.5,0.2,fixed,1000,1000,1000,993,1,,7140,7396,101.55091207499936
3,iterative,auto,warm,1,,True,40,120,0.5,0.2,fixed,1000,1000,1000,1036,1,,7140,7360,95.20544390899886
3,iterative,auto,warm,1,,True,41,120,0.5,0.2,fixed,1000,1000,1000,1018,1,,7140,7342,92.28958510900156
3,iterative,auto,warm,1,,True,42,120,0.5,0.2,fixed,1000,1000,1000,996,1,,7140,7346,94.20545527600007
3,iterative,auto,warm,1,,True,43,120,0.5,0.2,fixed,1000,1000,1000,1032,1,,7140,7314,90.1688691269992
3,iterative,auto,warm,1,,True,44,120,0.5,0.2,fixed,1000,1000,1000,1001,1,,7140,7313,105.82365835000019
3,iterative,auto,warm,1,,True,45,120,0.5,0.2,fixed,1000,1000,1000,922,1,,7140,7391,103.84145365999939
3,iterative,auto,warm,1,,True,46,120,0.5,0.2,fixed,1000,1000,1000,921,1,,7140,7470,100.60884571299903
3,iterative,auto,warm,1,,True,47,120,0.5,0.2,fixed,1000,1000,1000,929,1,,7140,7541,94.29672080399905
3,iterative,auto,warm,1,,True,48,120,0.5,0.2,fixed,1000,1000,936,903,1,,7140,7574,91.4189435169992
3,iterative,auto,warm,1,,True,49,120,0.5,0.2,fixed,1000,1000,1000,875,1,,7140,7699,68.61261571199975
3,iterative,auto,warm,1,,True,50,120,0.5,0.2,fixed,1000,1000,234,952,1,,7140,6981,81.1034563459998
