solve_id,solve_type,method,warm_start,min_search_proportion,threshold_proportion,remove_constraints,sub_solve_id,n,p,q,cut_type,cut_value,cuts_sought,cuts_added,cuts_removed,search_proportion_used,current_threshold,variables,constraints,cpu_time
4,iterative,auto,warm,1,,True,0,140,0.5,0.2,fixed,1000,100,100,0,1,,9730,101,0.020234899002389284
4,iterative,auto,warm,1,,True,1,140,0.5,0.2,fixed,1000,1000,1000,100,1,,9730,1001,0.0633880040004442
4,iterative,auto,warm,1,,True,2,140,0.5,0.2,fixed,1000,1000,1000,1000,1,,9730,1001,0.030706707999343053
4,iterative,auto,warm,1,,True,3,140,0.5,0.2,fixed,1000,1000,1000,1000,1,,9730,1001,0.05335287699926994
4,iterative,auto,warm,1,,True,4,140,0.5,0.2,fixed,1000,1000,1000,453,1,,9730,1548,0.06255979500201647
4,iterative,auto,warm,1,,True,5,140,0.5,0.2,fixed,1000,1000,1000,860,1,,9730,1688,0.06436364999899524
4,iterative,auto,warm,1,,True,6,140,0.5,0.2,fixed,1000,1000,1000,739,1,,9730,1949,0.09222511899861274
4,iterative,auto,warm,1,,True,7,140,0.5,0.2,fixed,1000,1000,1000,532,1,,9730,2417,0.10539726500064717
4,iterative,auto,warm,1,,True,8,140,0.5,0.2,fixed,1000,1000,1000,298,1,,9730,3119,0.1832157909993839
4,iterative,auto,warm,1,,True,9,140,0.5,0.2,fixed,1000,1000,1000,428,1,,9730,3691,0.2111549949986511
4,iterative,auto,warm,1,,True,10,140,0.5,0.2,fixed,1000,1000,1000,589,1,,9730,4102,0.376367451997794
4,iterative,auto,warm,1,,True,11,140,0.5,0.2,fixed,1000,1000,1000,759,1,,9730,4343,0.3174443390016677
4,iterative,auto,warm,1,,True,12,140,0.5,0.2,fixed,1000,1000,1000,743,1,,9730,4600,0.4047745979987667
4,iterative,auto,warm,1,,True,13,140,0.5,0.2,fixed,1000,1000,1000,771,1,,9730,4829,0.46787545400002273
4,iterative,auto,warm,1,,True,14,140,0.5,0.2,fixed,1000,1000,1000,821,1,,9730,5008,0.48708099400028004
4,iterative,auto,warm,1,,True,15,140,0.5,0.2,fixed,1000,1000,1000,848,1,,9730,5160,0.7256713349997881
4,iterative,auto,warm,1,,True,16,140,0.5,0.2,fixed,1000,1000,1000,850,1,,9730,5310,0.7168345079990104
4,iterative,auto,warm,1,,True,17,140,0.5,0.2,fixed,1000,1000,1000,851,1,,9730,5459,0.8940899549997994
4,iterative,auto,warm,1,,True,18,140,0.5,0.2,fixed,1000,1000,1000,863,1,,9730,5596,1.191702266001812
4,iterative,auto,warm,1,,True,19,140,0.5,0.2,fixed,1000,1000,1000,800,1,,9730,5796,2.6089359580000746
4,iterative,auto,warm,1,,True,20,140,0.5,0.2,fixed,1000,1000,1000,823,1,,9730,5973,2.8144149109975842
4,iterative,auto,warm,1,,True,21,140,0.5,0.2,fixed,1000,1000,1000,849,1,,9730,6124,3.799060728997574
4,iterative,auto,warm,1,,True,22,140,0.5,0.2,fixed,1000,1000,1000,877,1,,9730,6247,5.9415874690021155
4,iterative,auto,warm,1,,True,23,140,0.5,0.2,fixed,1000,1000,1000,837,1,,9730,6410,8.83075466200171
4,iterative,auto,warm,1,,True,24,140,0.5,0.2,fixed,1000,1000,1000,823,1,,9730,6587,9.778073539000616
4,iterative,auto,warm,1,,True,25,140,0.5,0.2,fixed,1000,1000,1000,855,1,,9730,6732,14.08857044099932
4,iterative,auto,warm,1,,True,26,140,0.5,0.2,fixed,1000,1000,1000,854,1,,9730,6878,42.873341839000204
4,iterative,auto,warm,1,,True,27,140,0.5,0.2,fixed,1000,1000,1000,864,1,,9730,7014,38.073803749000945
4,iterative,auto,warm,1,,True,28,140,0.5,0.2,fixed,1000,1000,1000,863,1,,9730,7151,40.69208244099718
4,iterative,auto,warm,1,,True,29,140,0.5,0.2,fixed,1000,1000,1000,808,1,,9730,7343,46.63039152700003
4,iterative,auto,warm,1,,True,30,140,0.5,0.2,fixed,1000,1000,1000,814,1,,9730,7529,48.688059252999665
4,iterative,auto,warm,1,,True,31,140,0.5,0.2,fixed,1000,1000,1000,816,1,,9730,7713,56.89387552399785
4,iterative,auto,warm,1,,True,32,140,0.5,0.2,fixed,1000,1000,1000,818,1,,9730,7895,61.99088693799786
4,iterative,auto,warm,1,,True,33,140,0.5,0.2,fixed,1000,1000,1000,832,1,,9730,8063,71.51695643600033
4,iterative,auto,warm,1,,True,34,140,0.5,0.2,fixed,1000,1000,1000,855,1,,9730,8208,71.80761598900062
4,iterative,auto,warm,1,,True,35,140,0.5,0.2,fixed,1000,1000,1000,873,1,,9730,8335,85.4466858550004
4,iterative,auto,warm,1,,True,36,140,0.5,0.2,fixed,1000,1000,1000,868,1,,9730,8467,88.28795235300277
4,iterative,auto,warm,1,,True,37,140,0.5,0.2,fixed,1000,1000,1000,818,1,,9730,8649,102.58775910500117
4,iterative,auto,warm,1,,True,38,140,0.5,0.2,fixed,1000,1000,1000,867,1,,9730,8782,101.2889358609973
4,iterative,auto,warm,1,,True,39,140,0.5,0.2,fixed,1000,1000,1000,871,1,,9730,8911,112.22459314200023
4,iterative,auto,warm,1,,True,40,140,0.5,0.2,fixed,1000,1000,1000,856,1,,9730,9055,114.1931553079994
4,iterative,auto,warm,1,,True,41,140,0.5,0.2,fixed,1000,1000,1000,881,1,,9730,9174,122.96155954999995
4,iterative,auto,warm,1,,True,42,140,0.5,0.2,fixed,1000,1000,1000,921,1,,9730,9253,130.34353761199964
4,iterative,auto,warm,1,,True,43,140,0.5,0.2,fixed,1000,1000,1000,891,1,,9730,9362,129.01162118700086
4,iterative,auto,warm,1,,True,44,140,0.5,0.2,fixed,1000,1000,1000,913,1,,9730,9449,138.74710366699946
4,iterative,auto,warm,1,,True,45,140,0.5,0.2,fixed,1000,1000,1000,892,1,,9730,9557,154.86681600299926
4,iterative,auto,warm,1,,True,46,140,0.5,0.2,fixed,1000,1000,1000,955,1,,9730,9602,154.73593244900258
4,iterative,auto,warm,1,,True,47,140,0.5,0.2,fixed,1000,1000,1000,938,1,,9730,9664,148.17694053800005
4,iterative,auto,warm,1,,True,48,140,0.5,0.2,fixed,1000,1000,1000,962,1,,9730,9702,160.58000317199912
4,iterative,auto,warm,1,,True,49,140,0.5,0.2,fixed,1000,1000,1000,943,1,,9730,9759,170.63113560900092
4,iterative,auto,warm,1,,True,50,140,0.5,0.2,fixed,1000,1000,1000,954,1,,9730,9805,171.49160020899944
4,iterative,auto,warm,1,,True,51,140,0.5,0.2,fixed,1000,1000,1000,953,1,,9730,9852,160.9695435759968
4,iterative,auto,warm,1,,True,52,140,0.5,0.2,fixed,1000,1000,1000,925,1,,9730,9927,174.93504754199967
4,iterative,auto,warm,1,,True,53,140,0.5,0.2,fixed,1000,1000,1000,982,1,,9730,9945,174.23908306900194
4,iterative,auto,warm,1,,True,54,140,0.5,0.2,fixed,1000,1000,1000,991,1,,9730,9954,172.69402497399642
4,iterative,auto,warm,1,,True,55,140,0.5,0.2,fixed,1000,1000,1000,978,1,,9730,9976,180.67121209200195
4,iterative,auto,warm,1,,True,56,140,0.5,0.2,fixed,1000,1000,1000,972,1,,9730,10004,183.91809136800293
4,iterative,auto,warm,1,,True,57,140,0.5,0.2,fixed,1000,1000,1000,987,1,,9730,10017,190.09459781499754
4,iterative,auto,warm,1,,True,58,140,0.5,0.2,fixed,1000,1000,1000,1018,1,,9730,9999,183.8524199550011
4,iterative,auto,warm,1,,True,59,140,0.5,0.2,fixed,1000,1000,1000,916,1,,9730,10083,211.78798262400232
4,iterative,auto,warm,1,,True,60,140,0.5,0.2,fixed,1000,1000,1000,975,1,,9730,10108,204.87032975900365
4,iterative,auto,warm,1,,True,61,140,0.5,0.2,fixed,1000,1000,1000,987,1,,9730,10121,210.1720540669994
4,iterative,auto,warm,1,,True,62,140,0.5,0.2,fixed,1000,1000,1000,1004,1,,9730,10117,189.27725719199952
4,iterative,auto,warm,1,,True,63,140,0.5,0.2,fixed,1000,1000,1000,996,1,,9730,10121,189.4137803439953
4,iterative,auto,warm,1,,True,64,140,0.5,0.2,fixed,1000,1000,1000,981,1,,9730,10140,188.91135499699885
4,iterative,auto,warm,1,,True,65,140,0.5,0.2,fixed,1000,1000,1000,997,1,,9730,10143,204.1130905309983
4,iterative,auto,warm,1,,True,66,140,0.5,0.2,fixed,1000,1000,1000,997,1,,9730,10146,194.59124656699714
4,iterative,auto,warm,1,,True,67,140,0.5,0.2,fixed,1000,1000,1000,976,1,,9730,10170,287.6216065740009
4,iterative,auto,warm,1,,True,68,140,0.5,0.2,fixed,1000,1000,1000,1054,1,,9730,10116,193.70190654700127
4,iterative,auto,warm,1,,True,69,140,0.5,0.2,fixed,1000,1000,1000,967,1,,9730,10149,265.2038115660034
4,iterative,auto,warm,1,,True,70,140,0.5,0.2,fixed,1000,1000,1000,989,1,,9730,10160,279.93978797399905
4,iterative,auto,warm,1,,True,71,140,0.5,0.2,fixed,1000,1000,1000,986,1,,9730,10174,279.3749051900013
4,iterative,auto,warm,1,,True,72,140,0.5,0.2,fixed,1000,1000,1000,986,1,,9730,10188,315.0870379889966
4,iterative,auto,warm,1,,True,73,140,0.5,0.2,fixed,1000,1000,1000,960,1,,9730,10228,353.35767101599777
4,iterative,auto,warm,1,,True,74,140,0.5,0.2,fixed,1000,1000,274,921,1,,9730,9581,235.21136382500117
4,iterative,auto,warm,1,,True,75,140,0.5,0.2,fixed,1000,1000,548,221,1,,9730,9908,186.65459461199498
