solve_id,solve_type,method,warm_start,min_search_proportion,threshold_proportion,remove_constraints,sub_solve_id,n,p,q,cut_type,cut_value,cuts_sought,cuts_added,cuts_removed,search_proportion_used,current_threshold,variables,constraints,cpu_time
0,iterative,auto,warm,1,,True,0,150,0.5,0.2,fixed,1000,100,100,0,1,,11175,101,0.020296577999999954
0,iterative,auto,warm,1,,True,1,150,0.5,0.2,fixed,1000,1000,1000,100,1,,11175,1001,0.0614806399999992
0,iterative,auto,warm,1,,True,2,150,0.5,0.2,fixed,1000,1000,1000,1000,1,,11175,1001,0.027067502000001298
0,iterative,auto,warm,1,,True,3,150,0.5,0.2,fixed,1000,1000,1000,1000,1,,11175,1001,0.06603334399999738
0,iterative,auto,warm,1,,True,4,150,0.5,0.2,fixed,1000,1000,1000,390,1,,11175,1611,0.054118687000006105
0,iterative,auto,warm,1,,True,5,150,0.5,0.2,fixed,1000,1000,1000,905,1,,11175,1706,0.060611000000001525
0,iterative,auto,warm,1,,True,6,150,0.5,0.2,fixed,1000,1000,1000,740,1,,11175,1966,0.22038579799999525
0,iterative,auto,warm,1,,True,7,150,0.5,0.2,fixed,1000,1000,1000,547,1,,11175,2419,0.12057571900000141
0,iterative,auto,warm,1,,True,8,150,0.5,0.2,fixed,1000,1000,1000,285,1,,11175,3134,0.15700598600000149
0,iterative,auto,warm,1,,True,9,150,0.5,0.2,fixed,1000,1000,1000,350,1,,11175,3784,0.21009139199999538
0,iterative,auto,warm,1,,True,10,150,0.5,0.2,fixed,1000,1000,1000,546,1,,11175,4238,0.30581544800000415
0,iterative,auto,warm,1,,True,11,150,0.5,0.2,fixed,1000,1000,1000,638,1,,11175,4600,0.318380997999995
0,iterative,auto,warm,1,,True,12,150,0.5,0.2,fixed,1000,1000,1000,768,1,,11175,4832,0.4086012319999952
0,iterative,auto,warm,1,,True,13,150,0.5,0.2,fixed,1000,1000,1000,777,1,,11175,5055,0.4861528580000112
0,iterative,auto,warm,1,,True,14,150,0.5,0.2,fixed,1000,1000,1000,790,1,,11175,5265,0.44352894499999707
0,iterative,auto,warm,1,,True,15,150,0.5,0.2,fixed,1000,1000,1000,810,1,,11175,5455,0.6137972389999788
0,iterative,auto,warm,1,,True,16,150,0.5,0.2,fixed,1000,1000,1000,763,1,,11175,5692,0.654330912000006
0,iterative,auto,warm,1,,True,17,150,0.5,0.2,fixed,1000,1000,1000,810,1,,11175,5882,0.879619297000005
0,iterative,auto,warm,1,,True,18,150,0.5,0.2,fixed,1000,1000,1000,923,1,,11175,5959,0.7352921019999883
0,iterative,auto,warm,1,,True,19,150,0.5,0.2,fixed,1000,1000,1000,867,1,,11175,6092,0.8536452790000055
0,iterative,auto,warm,1,,True,20,150,0.5,0.2,fixed,1000,1000,1000,931,1,,11175,6161,0.7949846189999903
0,iterative,auto,warm,1,,True,21,150,0.5,0.2,fixed,1000,1000,1000,830,1,,11175,6331,17.39269545099998
0,iterative,auto,warm,1,,True,22,150,0.5,0.2,fixed,1000,1000,1000,891,1,,11175,6440,23.71352095399999
0,iterative,auto,warm,1,,True,23,150,0.5,0.2,fixed,1000,1000,1000,847,1,,11175,6593,27.32120151000001
0,iterative,auto,warm,1,,True,24,150,0.5,0.2,fixed,1000,1000,1000,858,1,,11175,6735,28.398066854000035
0,iterative,auto,warm,1,,True,25,150,0.5,0.2,fixed,1000,1000,1000,812,1,,11175,6923,34.347495545000015
0,iterative,auto,warm,1,,True,26,150,0.5,0.2,fixed,1000,1000,1000,829,1,,11175,7094,31.582512592
0,iterative,auto,warm,1,,True,27,150,0.5,0.2,fixed,1000,1000,1000,852,1,,11175,7242,33.72775283499999
0,iterative,auto,warm,1,,True,28,150,0.5,0.2,fixed,1000,1000,1000,857,1,,11175,7385,38.28381064299998
0,iterative,auto,warm,1,,True,29,150,0.5,0.2,fixed,1000,1000,1000,890,1,,11175,7495,35.917313398999966
0,iterative,auto,warm,1,,True,30,150,0.5,0.2,fixed,1000,1000,1000,831,1,,11175,7664,41.480915772
0,iterative,auto,warm,1,,True,31,150,0.5,0.2,fixed,1000,1000,1000,831,1,,11175,7833,45.289523491999944
0,iterative,auto,warm,1,,True,32,150,0.5,0.2,fixed,1000,1000,1000,857,1,,11175,7976,46.560233487999994
0,iterative,auto,warm,1,,True,33,150,0.5,0.2,fixed,1000,1000,1000,901,1,,11175,8075,51.42170859199996
0,iterative,auto,warm,1,,True,34,150,0.5,0.2,fixed,1000,1000,1000,841,1,,11175,8234,57.06307451800001
0,iterative,auto,warm,1,,True,35,150,0.5,0.2,fixed,1000,1000,1000,858,1,,11175,8376,55.440636093999956
0,iterative,auto,warm,1,,True,36,150,0.5,0.2,fixed,1000,1000,1000,814,1,,11175,8562,66.62488631899998
0,iterative,auto,warm,1,,True,37,150,0.5,0.2,fixed,1000,1000,1000,831,1,,11175,8731,72.08974435399989
0,iterative,auto,warm,1,,True,38,150,0.5,0.2,fixed,1000,1000,1000,855,1,,11175,8876,70.47896231599998
0,iterative,auto,warm,1,,True,39,150,0.5,0.2,fixed,1000,1000,1000,865,1,,11175,9011,75.27905295400001
0,iterative,auto,warm,1,,True,40,150,0.5,0.2,fixed,1000,1000,1000,849,1,,11175,9162,77.20986596599982
0,iterative,auto,warm,1,,True,41,150,0.5,0.2,fixed,1000,1000,1000,893,1,,11175,9269,87.3857011099999
0,iterative,auto,warm,1,,True,42,150,0.5,0.2,fixed,1000,1000,1000,857,1,,11175,9412,91.664469456
0,iterative,auto,warm,1,,True,43,150,0.5,0.2,fixed,1000,1000,1000,885,1,,11175,9527,98.91611541099996
0,iterative,auto,warm,1,,True,44,150,0.5,0.2,fixed,1000,1000,1000,829,1,,11175,9698,101.94061888300007
0,iterative,auto,warm,1,,True,45,150,0.5,0.2,fixed,1000,1000,1000,831,1,,11175,9867,107.52897824700017
0,iterative,auto,warm,1,,True,46,150,0.5,0.2,fixed,1000,1000,1000,862,1,,11175,10005,115.64940780799998
0,iterative,auto,warm,1,,True,47,150,0.5,0.2,fixed,1000,1000,1000,875,1,,11175,10130,120.4820476540001
0,iterative,auto,warm,1,,True,48,150,0.5,0.2,fixed,1000,1000,1000,850,1,,11175,10280,131.77824595099992
0,iterative,auto,warm,1,,True,49,150,0.5,0.2,fixed,1000,1000,1000,914,1,,11175,10366,131.46421853799984
0,iterative,auto,warm,1,,True,50,150,0.5,0.2,fixed,1000,1000,1000,904,1,,11175,10462,150.60606283900006
0,iterative,auto,warm,1,,True,51,150,0.5,0.2,fixed,1000,1000,1000,922,1,,11175,10540,151.44809319800015
0,iterative,auto,warm,1,,True,52,150,0.5,0.2,fixed,1000,1000,1000,914,1,,11175,10626,159.88381286899994
0,iterative,auto,warm,1,,True,53,150,0.5,0.2,fixed,1000,1000,1000,899,1,,11175,10727,174.60022226499996
0,iterative,auto,warm,1,,True,54,150,0.5,0.2,fixed,1000,1000,1000,905,1,,11175,10822,173.2092186179998
0,iterative,auto,warm,1,,True,55,150,0.5,0.2,fixed,1000,1000,1000,911,1,,11175,10911,184.5655655390001
0,iterative,auto,warm,1,,True,56,150,0.5,0.2,fixed,1000,1000,1000,921,1,,11175,10990,189.4896537100003
0,iterative,auto,warm,1,,True,57,150,0.5,0.2,fixed,1000,1000,1000,966,1,,11175,11024,184.1246597229997
0,iterative,auto,warm,1,,True,58,150,0.5,0.2,fixed,1000,1000,1000,970,1,,11175,11054,202.54410111000016
0,iterative,auto,warm,1,,True,59,150,0.5,0.2,fixed,1000,1000,1000,953,1,,11175,11101,194.81795560300043
0,iterative,auto,warm,1,,True,60,150,0.5,0.2,fixed,1000,1000,1000,935,1,,11175,11166,208.87072014500063
0,iterative,auto,warm,1,,True,61,150,0.5,0.2,fixed,1000,1000,1000,979,1,,11175,11187,199.84976631299924
0,iterative,auto,warm,1,,True,62,150,0.5,0.2,fixed,1000,1000,1000,964,1,,11175,11223,205.92349939900032
0,iterative,auto,warm,1,,True,63,150,0.5,0.2,fixed,1000,1000,1000,941,1,,11175,11282,217.06155648599997
0,iterative,auto,warm,1,,True,64,150,0.5,0.2,fixed,1000,1000,1000,974,1,,11175,11308,244.8416870330002
0,iterative,auto,warm,1,,True,65,150,0.5,0.2,fixed,1000,1000,1000,937,1,,11175,11371,241.68143179100025
0,iterative,auto,warm,1,,True,66,150,0.5,0.2,fixed,1000,1000,1000,975,1,,11175,11396,229.4338558720001
0,iterative,auto,warm,1,,True,67,150,0.5,0.2,fixed,1000,1000,1000,979,1,,11175,11417,243.3910187470001
0,iterative,auto,warm,1,,True,68,150,0.5,0.2,fixed,1000,1000,1000,962,1,,11175,11455,252.07009736000055
0,iterative,auto,warm,1,,True,69,150,0.5,0.2,fixed,1000,1000,1000,974,1,,11175,11481,238.66121881300023
0,iterative,auto,warm,1,,True,70,150,0.5,0.2,fixed,1000,1000,1000,990,1,,11175,11491,251.14050143799977
0,iterative,auto,warm,1,,True,71,150,0.5,0.2,fixed,1000,1000,1000,953,1,,11175,11538,245.84616826900037
0,iterative,auto,warm,1,,True,72,150,0.5,0.2,fixed,1000,1000,1000,962,1,,11175,11576,266.54857594499936
0,iterative,auto,warm,1,,True,73,150,0.5,0.2,fixed,1000,1000,1000,951,1,,11175,11625,260.25929254699986
0,iterative,auto,warm,1,,True,74,150,0.5,0.2,fixed,1000,1000,1000,1014,1,,11175,11611,258.5948152009996
0,iterative,auto,warm,1,,True,75,150,0.5,0.2,fixed,1000,1000,1000,981,1,,11175,11630,262.8981001560005
0,iterative,auto,warm,1,,True,76,150,0.5,0.2,fixed,1000,1000,1000,986,1,,11175,11644,273.67133982199994
0,iterative,auto,warm,1,,True,77,150,0.5,0.2,fixed,1000,1000,1000,990,1,,11175,11654,261.3939742170005
0,iterative,auto,warm,1,,True,78,150,0.5,0.2,fixed,1000,1000,1000,970,1,,11175,11684,269.40187996200075
0,iterative,auto,warm,1,,True,79,150,0.5,0.2,fixed,1000,1000,1000,973,1,,11175,11711,272.5391473290001
0,iterative,auto,warm,1,,True,80,150,0.5,0.2,fixed,1000,1000,1000,993,1,,11175,11718,286.45563056799983
0,iterative,auto,warm,1,,True,81,150,0.5,0.2,fixed,1000,1000,1000,1020,1,,11175,11698,275.0433527259993
0,iterative,auto,warm,1,,True,82,150,0.5,0.2,fixed,1000,1000,1000,935,1,,11175,11763,308.02336480100166
0,iterative,auto,warm,1,,True,83,150,0.5,0.2,fixed,1000,1000,1000,983,1,,11175,11780,268.261425228
0,iterative,auto,warm,1,,True,84,150,0.5,0.2,fixed,1000,1000,1000,985,1,,11175,11795,288.25436761699893
0,iterative,auto,warm,1,,True,85,150,0.5,0.2,fixed,1000,1000,1000,970,1,,11175,11825,287.92047542399996
0,iterative,auto,warm,1,,True,86,150,0.5,0.2,fixed,1000,1000,1000,1016,1,,11175,11809,290.3534864230005
0,iterative,auto,warm,1,,True,87,150,0.5,0.2,fixed,1000,1000,1000,968,1,,11175,11841,288.83139536900126
0,iterative,auto,warm,1,,True,88,150,0.5,0.2,fixed,1000,1000,1000,992,1,,11175,11849,294.64262805100043
0,iterative,auto,warm,1,,True,89,150,0.5,0.2,fixed,1000,1000,1000,1021,1,,11175,11828,296.5029518829997
0,iterative,auto,warm,1,,True,90,150,0.5,0.2,fixed,1000,1000,1000,987,1,,11175,11841,280.3964693380003
0,iterative,auto,warm,1,,True,91,150,0.5,0.2,fixed,1000,1000,1000,979,1,,11175,11862,301.56991567299883
0,iterative,auto,warm,1,,True,92,150,0.5,0.2,fixed,1000,1000,1000,996,1,,11175,11866,296.5504140009998
0,iterative,auto,warm,1,,True,93,150,0.5,0.2,fixed,1000,1000,1000,964,1,,11175,11902,332.0863361749998
0,iterative,auto,warm,1,,True,94,150,0.5,0.2,fixed,1000,1000,1000,1010,1,,11175,11892,313.88199873899976
0,iterative,auto,warm,1,,True,95,150,0.5,0.2,fixed,1000,1000,1000,986,1,,11175,11906,305.1706483320013
0,iterative,auto,warm,1,,True,96,150,0.5,0.2,fixed,1000,1000,1000,1007,1,,11175,11899,302.2151075770016
0,iterative,auto,warm,1,,True,97,150,0.5,0.2,fixed,1000,1000,1000,979,1,,11175,11920,299.7422485549996
0,iterative,auto,warm,1,,True,98,150,0.5,0.2,fixed,1000,1000,1000,992,1,,11175,11928,295.4619554839992
0,iterative,auto,warm,1,,True,99,150,0.5,0.2,fixed,1000,1000,1000,1016,1,,11175,11912,333.8991307240012
0,iterative,auto,warm,1,,True,100,150,0.5,0.2,fixed,1000,1000,1000,968,1,,11175,11944,306.7392835310002
0,iterative,auto,warm,1,,True,101,150,0.5,0.2,fixed,1000,1000,1000,989,1,,11175,11955,293.52113006000036
0,iterative,auto,warm,1,,True,102,150,0.5,0.2,fixed,1000,1000,1000,995,1,,11175,11960,318.8383188209991
0,iterative,auto,warm,1,,True,103,150,0.5,0.2,fixed,1000,1000,1000,985,1,,11175,11975,286.55958163599826
0,iterative,auto,warm,1,,True,104,150,0.5,0.2,fixed,1000,1000,1000,1015,1,,11175,11960,312.6634718619971
0,iterative,auto,warm,1,,True,105,150,0.5,0.2,fixed,1000,1000,1000,983,1,,11175,11977,302.5040241889983
0,iterative,auto,warm,1,,True,106,150,0.5,0.2,fixed,1000,1000,1000,993,1,,11175,11984,317.27319280400116
0,iterative,auto,warm,1,,True,107,150,0.5,0.2,fixed,1000,1000,1000,1009,1,,11175,11975,322.6541563290011
0,iterative,auto,warm,1,,True,108,150,0.5,0.2,fixed,1000,1000,1000,998,1,,11175,11977,302.5459717829981
0,iterative,auto,warm,1,,True,109,150,0.5,0.2,fixed,1000,1000,1000,988,1,,11175,11989,314.41853853700013
0,iterative,auto,warm,1,,True,110,150,0.5,0.2,fixed,1000,1000,1000,996,1,,11175,11993,292.64583659500204
0,iterative,auto,warm,1,,True,111,150,0.5,0.2,fixed,1000,1000,1000,992,1,,11175,12001,447.0361372560001
0,iterative,auto,warm,1,,True,112,150,0.5,0.2,fixed,1000,1000,1000,1028,1,,11175,11973,244.175569660998
0,iterative,auto,warm,1,,True,113,150,0.5,0.2,fixed,1000,1000,294,1052,1,,11175,11215,234.88513154400061
0,iterative,auto,warm,1,,True,114,150,0.5,0.2,fixed,1000,1000,882,367,1,,11175,11730,211.48274826000124
0,iterative,auto,warm,1,,True,115,150,0.5,0.2,fixed,1000,1000,586,847,1,,11175,11469,354.69103450200055
