solve_id,solve_type,method,warm_start,min_search_proportion,threshold_proportion,remove_constraints,sub_solve_id,n,p,q,cut_type,cut_value,cuts_sought,cuts_added,cuts_removed,search_proportion_used,current_threshold,variables,constraints,cpu_time
12,iterative,auto,warm,1,,True,0,140,0.5,0.2,fixed,1000,100,100,0,1,,9730,101,0.02265960800286848
12,iterative,auto,warm,1,,True,1,140,0.5,0.2,fixed,1000,1000,1000,100,1,,9730,1001,0.0688498859963147
12,iterative,auto,warm,1,,True,2,140,0.5,0.2,fixed,1000,1000,1000,1000,1,,9730,1001,0.02767218199733179
12,iterative,auto,warm,1,,True,3,140,0.5,0.2,fixed,1000,1000,1000,1000,1,,9730,1001,0.07084298798872624
12,iterative,auto,warm,1,,True,4,140,0.5,0.2,fixed,1000,1000,1000,476,1,,9730,1525,0.0556169980118284
12,iterative,auto,warm,1,,True,5,140,0.5,0.2,fixed,1000,1000,1000,866,1,,9730,1659,0.06264679699961562
12,iterative,auto,warm,1,,True,6,140,0.5,0.2,fixed,1000,1000,1000,719,1,,9730,1940,0.08934321699780412
12,iterative,auto,warm,1,,True,7,140,0.5,0.2,fixed,1000,1000,1000,541,1,,9730,2399,0.11177226100699045
12,iterative,auto,warm,1,,True,8,140,0.5,0.2,fixed,1000,1000,1000,308,1,,9730,3091,0.14335110200045165
12,iterative,auto,warm,1,,True,9,140,0.5,0.2,fixed,1000,1000,1000,443,1,,9730,3648,0.2052465759916231
12,iterative,auto,warm,1,,True,10,140,0.5,0.2,fixed,1000,1000,1000,609,1,,9730,4039,0.2696834590024082
12,iterative,auto,warm,1,,True,11,140,0.5,0.2,fixed,1000,1000,1000,726,1,,9730,4313,0.294292096994468
12,iterative,auto,warm,1,,True,12,140,0.5,0.2,fixed,1000,1000,1000,776,1,,9730,4537,0.36089277899009176
12,iterative,auto,warm,1,,True,13,140,0.5,0.2,fixed,1000,1000,1000,775,1,,9730,4762,0.4332792290078942
12,iterative,auto,warm,1,,True,14,140,0.5,0.2,fixed,1000,1000,1000,830,1,,9730,4932,0.443227209005272
12,iterative,auto,warm,1,,True,15,140,0.5,0.2,fixed,1000,1000,1000,829,1,,9730,5103,0.5273426170024322
12,iterative,auto,warm,1,,True,16,140,0.5,0.2,fixed,1000,1000,1000,822,1,,9730,5281,0.6233933930052444
12,iterative,auto,warm,1,,True,17,140,0.5,0.2,fixed,1000,1000,1000,887,1,,9730,5394,0.6837717260059435
12,iterative,auto,warm,1,,True,18,140,0.5,0.2,fixed,1000,1000,1000,851,1,,9730,5543,0.8457357349980157
12,iterative,auto,warm,1,,True,19,140,0.5,0.2,fixed,1000,1000,1000,763,1,,9730,5780,1.28979018201062
12,iterative,auto,warm,1,,True,20,140,0.5,0.2,fixed,1000,1000,1000,974,1,,9730,5806,1.8424261869949987
12,iterative,auto,warm,1,,True,21,140,0.5,0.2,fixed,1000,1000,1000,822,1,,9730,5984,3.150673871001345
12,iterative,auto,warm,1,,True,22,140,0.5,0.2,fixed,1000,1000,1000,848,1,,9730,6136,5.1913693960086675
12,iterative,auto,warm,1,,True,23,140,0.5,0.2,fixed,1000,1000,1000,872,1,,9730,6264,4.669898123000166
12,iterative,auto,warm,1,,True,24,140,0.5,0.2,fixed,1000,1000,1000,879,1,,9730,6385,6.221524026012048
12,iterative,auto,warm,1,,True,25,140,0.5,0.2,fixed,1000,1000,1000,857,1,,9730,6528,9.509650259002228
12,iterative,auto,warm,1,,True,26,140,0.5,0.2,fixed,1000,1000,1000,808,1,,9730,6720,11.053290646988899
12,iterative,auto,warm,1,,True,27,140,0.5,0.2,fixed,1000,1000,1000,858,1,,9730,6862,33.67345223600569
12,iterative,auto,warm,1,,True,28,140,0.5,0.2,fixed,1000,1000,1000,867,1,,9730,6995,36.36280233800062
12,iterative,auto,warm,1,,True,29,140,0.5,0.2,fixed,1000,1000,1000,769,1,,9730,7226,40.06620153400581
12,iterative,auto,warm,1,,True,30,140,0.5,0.2,fixed,1000,1000,1000,833,1,,9730,7393,46.75516007900296
12,iterative,auto,warm,1,,True,31,140,0.5,0.2,fixed,1000,1000,1000,856,1,,9730,7537,49.30589519100613
12,iterative,auto,warm,1,,True,32,140,0.5,0.2,fixed,1000,1000,1000,850,1,,9730,7687,60.10630459099775
12,iterative,auto,warm,1,,True,33,140,0.5,0.2,fixed,1000,1000,1000,846,1,,9730,7841,62.14720750400738
12,iterative,auto,warm,1,,True,34,140,0.5,0.2,fixed,1000,1000,1000,832,1,,9730,8009,64.0156277900096
12,iterative,auto,warm,1,,True,35,140,0.5,0.2,fixed,1000,1000,1000,866,1,,9730,8143,69.65329676900001
12,iterative,auto,warm,1,,True,36,140,0.5,0.2,fixed,1000,1000,1000,821,1,,9730,8322,83.32701982501021
12,iterative,auto,warm,1,,True,37,140,0.5,0.2,fixed,1000,1000,1000,845,1,,9730,8477,90.13466476199392
12,iterative,auto,warm,1,,True,38,140,0.5,0.2,fixed,1000,1000,1000,843,1,,9730,8634,95.32703297300031
12,iterative,auto,warm,1,,True,39,140,0.5,0.2,fixed,1000,1000,1000,835,1,,9730,8799,99.26158837499679
12,iterative,auto,warm,1,,True,40,140,0.5,0.2,fixed,1000,1000,1000,878,1,,9730,8921,113.42894776498724
12,iterative,auto,warm,1,,True,41,140,0.5,0.2,fixed,1000,1000,1000,845,1,,9730,9076,114.17026851698756
12,iterative,auto,warm,1,,True,42,140,0.5,0.2,fixed,1000,1000,1000,887,1,,9730,9189,130.39553388700006
12,iterative,auto,warm,1,,True,43,140,0.5,0.2,fixed,1000,1000,1000,942,1,,9730,9247,122.04970189000596
12,iterative,auto,warm,1,,True,44,140,0.5,0.2,fixed,1000,1000,1000,914,1,,9730,9333,125.13277788099367
12,iterative,auto,warm,1,,True,45,140,0.5,0.2,fixed,1000,1000,1000,932,1,,9730,9401,133.76131405399065
12,iterative,auto,warm,1,,True,46,140,0.5,0.2,fixed,1000,1000,1000,940,1,,9730,9461,138.19393736500933
12,iterative,auto,warm,1,,True,47,140,0.5,0.2,fixed,1000,1000,1000,936,1,,9730,9525,145.17039173199737
12,iterative,auto,warm,1,,True,48,140,0.5,0.2,fixed,1000,1000,1000,937,1,,9730,9588,149.89831975800917
12,iterative,auto,warm,1,,True,49,140,0.5,0.2,fixed,1000,1000,1000,945,1,,9730,9643,155.46173723699758
12,iterative,auto,warm,1,,True,50,140,0.5,0.2,fixed,1000,1000,1000,974,1,,9730,9669,148.55940361299145
12,iterative,auto,warm,1,,True,51,140,0.5,0.2,fixed,1000,1000,1000,982,1,,9730,9687,173.64129239799513
12,iterative,auto,warm,1,,True,52,140,0.5,0.2,fixed,1000,1000,1000,970,1,,9730,9717,153.9325715629966
12,iterative,auto,warm,1,,True,53,140,0.5,0.2,fixed,1000,1000,1000,955,1,,9730,9762,166.43698993900034
12,iterative,auto,warm,1,,True,54,140,0.5,0.2,fixed,1000,1000,1000,999,1,,9730,9763,169.21182224500808
12,iterative,auto,warm,1,,True,55,140,0.5,0.2,fixed,1000,1000,1000,992,1,,9730,9771,184.49839916400379
12,iterative,auto,warm,1,,True,56,140,0.5,0.2,fixed,1000,1000,1000,1029,1,,9730,9742,162.9687421490089
12,iterative,auto,warm,1,,True,57,140,0.5,0.2,fixed,1000,1000,1000,1049,1,,9730,9693,159.49103324599855
12,iterative,auto,warm,1,,True,58,140,0.5,0.2,fixed,1000,1000,1000,1007,1,,9730,9686,148.4758087740047
12,iterative,auto,warm,1,,True,59,140,0.5,0.2,fixed,1000,1000,1000,1023,1,,9730,9663,144.89699473200017
12,iterative,auto,warm,1,,True,60,140,0.5,0.2,fixed,1000,1000,1000,990,1,,9730,9673,172.17867980099982
12,iterative,auto,warm,1,,True,61,140,0.5,0.2,fixed,1000,1000,1000,999,1,,9730,9674,168.09753556399664
12,iterative,auto,warm,1,,True,62,140,0.5,0.2,fixed,1000,1000,1000,981,1,,9730,9693,170.1691321350081
12,iterative,auto,warm,1,,True,63,140,0.5,0.2,fixed,1000,1000,1000,977,1,,9730,9716,147.09350959199946
12,iterative,auto,warm,1,,True,64,140,0.5,0.2,fixed,1000,1000,1000,1014,1,,9730,9702,117.10984658799134
12,iterative,auto,warm,1,,True,65,140,0.5,0.2,fixed,1000,1000,1000,935,1,,9730,9767,130.6792400109989
12,iterative,auto,warm,1,,True,66,140,0.5,0.2,fixed,1000,1000,1000,1016,1,,9730,9751,132.7690658979991
12,iterative,auto,warm,1,,True,67,140,0.5,0.2,fixed,1000,1000,1000,998,1,,9730,9753,123.8523172109999
12,iterative,auto,warm,1,,True,68,140,0.5,0.2,fixed,1000,1000,1000,997,1,,9730,9756,119.35201426899584
12,iterative,auto,warm,1,,True,69,140,0.5,0.2,fixed,1000,1000,1000,895,1,,9730,9861,127.98028338099539
12,iterative,auto,warm,1,,True,70,140,0.5,0.2,fixed,1000,1000,548,874,1,,9730,9535,114.17095203399367
