solve_id,solve_type,method,warm_start,min_search_proportion,threshold_proportion,remove_constraints,sub_solve_id,n,p,q,cut_type,cut_value,cuts_sought,cuts_added,cuts_removed,search_proportion_used,current_threshold,variables,constraints,cpu_time
30,iterative,auto,warm,1,,True,0,70,0.5,0.2,fixed,1000,100,100,0,1,,2415,101,0.0
30,iterative,auto,warm,1,,True,1,70,0.5,0.2,fixed,1000,1000,1000,100,1,,2415,1001,0.015625
30,iterative,auto,warm,1,,True,2,70,0.5,0.2,fixed,1000,1000,1000,551,1,,2415,1450,0.03125
30,iterative,auto,warm,1,,True,3,70,0.5,0.2,fixed,1000,1000,1000,788,1,,2415,1662,0.03125
30,iterative,auto,warm,1,,True,4,70,0.5,0.2,fixed,1000,1000,1000,878,1,,2415,1784,0.03125
30,iterative,auto,warm,1,,True,5,70,0.5,0.2,fixed,1000,1000,1000,782,1,,2415,2002,0.03125
30,iterative,auto,warm,1,,True,6,70,0.5,0.2,fixed,1000,1000,1000,819,1,,2415,2183,0.140625
30,iterative,auto,warm,1,,True,7,70,0.5,0.2,fixed,1000,1000,1000,872,1,,2415,2311,0.3125
30,iterative,auto,warm,1,,True,8,70,0.5,0.2,fixed,1000,1000,1000,874,1,,2415,2437,0.515625
30,iterative,auto,warm,1,,True,9,70,0.5,0.2,fixed,1000,1000,1000,887,1,,2415,2550,0.75
30,iterative,auto,warm,1,,True,10,70,0.5,0.2,fixed,1000,1000,1000,882,1,,2415,2668,1.140625
30,iterative,auto,warm,1,,True,11,70,0.5,0.2,fixed,1000,1000,1000,876,1,,2415,2792,1.65625
30,iterative,auto,warm,1,,True,12,70,0.5,0.2,fixed,1000,1000,1000,910,1,,2415,2882,1.953125
30,iterative,auto,warm,1,,True,13,70,0.5,0.2,fixed,1000,1000,1000,965,1,,2415,2917,2.546875
30,iterative,auto,warm,1,,True,14,70,0.5,0.2,fixed,1000,1000,1000,952,1,,2415,2965,2.515625
30,iterative,auto,warm,1,,True,15,70,0.5,0.2,fixed,1000,1000,1000,933,1,,2415,3032,3.03125
30,iterative,auto,warm,1,,True,16,70,0.5,0.2,fixed,1000,1000,1000,945,1,,2415,3087,3.21875
30,iterative,auto,warm,1,,True,17,70,0.5,0.2,fixed,1000,1000,1000,919,1,,2415,3168,3.875
30,iterative,auto,warm,1,,True,18,70,0.5,0.2,fixed,1000,1000,1000,950,1,,2415,3218,3.828125
30,iterative,auto,warm,1,,True,19,70,0.5,0.2,fixed,1000,1000,1000,975,1,,2415,3243,4.03125
30,iterative,auto,warm,1,,True,20,70,0.5,0.2,fixed,1000,1000,1000,976,1,,2415,3267,3.9375
30,iterative,auto,warm,1,,True,21,70,0.5,0.2,fixed,1000,1000,1000,998,1,,2415,3269,4.109375
30,iterative,auto,warm,1,,True,22,70,0.5,0.2,fixed,1000,1000,1000,968,1,,2415,3301,4.40625
30,iterative,auto,warm,1,,True,23,70,0.5,0.2,fixed,1000,1000,1000,1002,1,,2415,3299,4.40625
30,iterative,auto,warm,1,,True,24,70,0.5,0.2,fixed,1000,1000,1000,981,1,,2415,3318,4.484375
30,iterative,auto,warm,1,,True,25,70,0.5,0.2,fixed,1000,1000,1000,981,1,,2415,3337,4.59375
30,iterative,auto,warm,1,,True,26,70,0.5,0.2,fixed,1000,1000,1000,983,1,,2415,3354,5.125
30,iterative,auto,warm,1,,True,27,70,0.5,0.2,fixed,1000,1000,1000,1005,1,,2415,3349,4.71875
30,iterative,auto,warm,1,,True,28,70,0.5,0.2,fixed,1000,1000,1000,1010,1,,2415,3339,4.78125
30,iterative,auto,warm,1,,True,29,70,0.5,0.2,fixed,1000,1000,1000,991,1,,2415,3348,4.859375
30,iterative,auto,warm,1,,True,30,70,0.5,0.2,fixed,1000,1000,1000,998,1,,2415,3350,4.671875
30,iterative,auto,warm,1,,True,31,70,0.5,0.2,fixed,1000,1000,1000,991,1,,2415,3359,4.515625
30,iterative,auto,warm,1,,True,32,70,0.5,0.2,fixed,1000,1000,1000,999,1,,2415,3360,4.640625
30,iterative,auto,warm,1,,True,33,70,0.5,0.2,fixed,1000,1000,1000,996,1,,2415,3364,4.84375
30,iterative,auto,warm,1,,True,34,70,0.5,0.2,fixed,1000,1000,1000,992,1,,2415,3372,4.828125
30,iterative,auto,warm,1,,True,35,70,0.5,0.2,fixed,1000,1000,1000,999,1,,2415,3373,4.296875
30,iterative,auto,warm,1,,True,36,70,0.5,0.2,fixed,1000,1000,1000,1003,1,,2415,3370,4.46875
30,iterative,auto,warm,1,,True,37,70,0.5,0.2,fixed,1000,1000,1000,1028,1,,2415,3342,4.546875
30,iterative,auto,warm,1,,True,38,70,0.5,0.2,fixed,1000,1000,1000,984,1,,2415,3358,4.921875
30,iterative,auto,warm,1,,True,39,70,0.5,0.2,fixed,1000,1000,1000,981,1,,2415,3377,4.796875
30,iterative,auto,warm,1,,True,40,70,0.5,0.2,fixed,1000,1000,1000,997,1,,2415,3380,4.59375
30,iterative,auto,warm,1,,True,41,70,0.5,0.2,fixed,1000,1000,1000,993,1,,2415,3387,4.625
30,iterative,auto,warm,1,,True,42,70,0.5,0.2,fixed,1000,1000,1000,1005,1,,2415,3382,4.625
30,iterative,auto,warm,1,,True,43,70,0.5,0.2,fixed,1000,1000,1000,1002,1,,2415,3380,4.75
30,iterative,auto,warm,1,,True,44,70,0.5,0.2,fixed,1000,1000,1000,993,1,,2415,3387,4.421875
30,iterative,auto,warm,1,,True,45,70,0.5,0.2,fixed,1000,1000,1000,996,1,,2415,3391,5.0625
30,iterative,auto,warm,1,,True,46,70,0.5,0.2,fixed,1000,1000,1000,998,1,,2415,3393,4.8125
30,iterative,auto,warm,1,,True,47,70,0.5,0.2,fixed,1000,1000,1000,998,1,,2415,3395,4.96875
30,iterative,auto,warm,1,,True,48,70,0.5,0.2,fixed,1000,1000,1000,997,1,,2415,3398,4.671875
30,iterative,auto,warm,1,,True,49,70,0.5,0.2,fixed,1000,1000,1000,1011,1,,2415,3387,4.6875
30,iterative,auto,warm,1,,True,50,70,0.5,0.2,fixed,1000,1000,1000,986,1,,2415,3401,5.0
30,iterative,auto,warm,1,,True,51,70,0.5,0.2,fixed,1000,1000,1000,1001,1,,2415,3400,4.859375
30,iterative,auto,warm,1,,True,52,70,0.5,0.2,fixed,1000,1000,1000,999,1,,2415,3401,4.703125
30,iterative,auto,warm,1,,True,53,70,0.5,0.2,fixed,1000,1000,1000,1001,1,,2415,3400,4.203125
30,iterative,auto,warm,1,,True,54,70,0.5,0.2,fixed,1000,1000,1000,997,1,,2415,3403,4.703125
30,iterative,auto,warm,1,,True,55,70,0.5,0.2,fixed,1000,1000,1000,1002,1,,2415,3401,4.453125
30,iterative,auto,warm,1,,True,56,70,0.5,0.2,fixed,1000,1000,1000,1001,1,,2415,3400,4.78125
30,iterative,auto,warm,1,,True,57,70,0.5,0.2,fixed,1000,1000,1000,1000,1,,2415,3400,4.640625
30,iterative,auto,warm,1,,True,58,70,0.5,0.2,fixed,1000,1000,1000,998,1,,2415,3402,4.96875
30,iterative,auto,warm,1,,True,59,70,0.5,0.2,fixed,1000,1000,1000,994,1,,2415,3408,4.71875
30,iterative,auto,warm,1,,True,60,70,0.5,0.2,fixed,1000,1000,134,952,1,,2415,2590,3.234375
