solve_id,solve_type,method,warm_start,min_search_proportion,threshold_proportion,remove_constraints,sub_solve_id,n,p,q,cut_type,cut_value,cuts_sought,cuts_added,cuts_removed,search_proportion_used,current_threshold,variables,constraints,cpu_time
15,iterative,auto,warm,1,,True,0,60,0.5,0.2,fixed,1000,100,100,0,1,,1770,101,0.004849983999974938
15,iterative,auto,warm,1,,True,1,60,0.5,0.2,fixed,1000,1000,1000,100,1,,1770,1001,0.02317769399996905
15,iterative,auto,warm,1,,True,2,60,0.5,0.2,fixed,1000,1000,1000,631,1,,1770,1370,0.03846970900008273
15,iterative,auto,warm,1,,True,3,60,0.5,0.2,fixed,1000,1000,1000,838,1,,1770,1532,0.036924795999993876
15,iterative,auto,warm,1,,True,4,60,0.5,0.2,fixed,1000,1000,1000,879,1,,1770,1653,0.04521302300008756
15,iterative,auto,warm,1,,True,5,60,0.5,0.2,fixed,1000,1000,1000,840,1,,1770,1813,0.11910477700007505
15,iterative,auto,warm,1,,True,6,60,0.5,0.2,fixed,1000,1000,1000,864,1,,1770,1949,0.32886820299995634
15,iterative,auto,warm,1,,True,7,60,0.5,0.2,fixed,1000,1000,1000,888,1,,1770,2061,0.8267965999998523
15,iterative,auto,warm,1,,True,8,60,0.5,0.2,fixed,1000,1000,1000,847,1,,1770,2214,1.6064640449999388
15,iterative,auto,warm,1,,True,9,60,0.5,0.2,fixed,1000,1000,1000,856,1,,1770,2358,2.233809087000054
15,iterative,auto,warm,1,,True,10,60,0.5,0.2,fixed,1000,1000,1000,933,1,,1770,2425,2.7044024819999777
15,iterative,auto,warm,1,,True,11,60,0.5,0.2,fixed,1000,1000,1000,912,1,,1770,2513,3.302478024000038
15,iterative,auto,warm,1,,True,12,60,0.5,0.2,fixed,1000,1000,1000,936,1,,1770,2577,4.15292880800007
15,iterative,auto,warm,1,,True,13,60,0.5,0.2,fixed,1000,1000,1000,949,1,,1770,2628,3.9500098140001683
15,iterative,auto,warm,1,,True,14,60,0.5,0.2,fixed,1000,1000,1000,987,1,,1770,2641,4.313075370999968
15,iterative,auto,warm,1,,True,15,60,0.5,0.2,fixed,1000,1000,1000,992,1,,1770,2649,3.9648163040001236
15,iterative,auto,warm,1,,True,16,60,0.5,0.2,fixed,1000,1000,1000,986,1,,1770,2663,4.166873618999944
15,iterative,auto,warm,1,,True,17,60,0.5,0.2,fixed,1000,1000,1000,988,1,,1770,2675,4.073837797000124
15,iterative,auto,warm,1,,True,18,60,0.5,0.2,fixed,1000,1000,1000,983,1,,1770,2692,4.251713312999982
15,iterative,auto,warm,1,,True,19,60,0.5,0.2,fixed,1000,1000,1000,1001,1,,1770,2691,4.536987745000033
15,iterative,auto,warm,1,,True,20,60,0.5,0.2,fixed,1000,1000,1000,993,1,,1770,2698,4.1584858700000495
15,iterative,auto,warm,1,,True,21,60,0.5,0.2,fixed,1000,1000,1000,1005,1,,1770,2693,3.9169576520000646
15,iterative,auto,warm,1,,True,22,60,0.5,0.2,fixed,1000,1000,1000,993,1,,1770,2700,4.112243359000104
15,iterative,auto,warm,1,,True,23,60,0.5,0.2,fixed,1000,1000,1000,987,1,,1770,2713,4.074958569000046
15,iterative,auto,warm,1,,True,24,60,0.5,0.2,fixed,1000,1000,1000,1001,1,,1770,2712,4.320933222999884
15,iterative,auto,warm,1,,True,25,60,0.5,0.2,fixed,1000,1000,1000,991,1,,1770,2721,4.341371323999965
15,iterative,auto,warm,1,,True,26,60,0.5,0.2,fixed,1000,1000,1000,997,1,,1770,2724,4.713151258999915
15,iterative,auto,warm,1,,True,27,60,0.5,0.2,fixed,1000,1000,1000,978,1,,1770,2746,4.145261472000129
15,iterative,auto,warm,1,,True,28,60,0.5,0.2,fixed,1000,1000,1000,998,1,,1770,2748,3.9707103610001013
15,iterative,auto,warm,1,,True,29,60,0.5,0.2,fixed,1000,1000,850,941,1,,1770,2657,4.126981951000062
15,iterative,auto,warm,1,,True,30,60,0.5,0.2,fixed,1000,1000,842,839,1,,1770,2660,4.405709446999936
15,iterative,auto,warm,1,,True,31,60,0.5,0.2,fixed,1000,1000,794,814,1,,1770,2640,3.6781000329999642
15,iterative,auto,warm,1,,True,32,60,0.5,0.2,fixed,1000,1000,615,756,1,,1770,2499,3.9729691279999315
15,iterative,auto,warm,1,,True,33,60,0.5,0.2,fixed,1000,1000,622,585,1,,1770,2536,3.7713194529999328
15,iterative,auto,warm,1,,True,34,60,0.5,0.2,fixed,1000,1000,477,518,1,,1770,2495,4.116958836999856
15,iterative,auto,warm,1,,True,35,60,0.5,0.2,fixed,1000,1000,392,478,1,,1770,2409,3.790325904999918
15,iterative,auto,warm,1,,True,36,60,0.5,0.2,fixed,1000,1000,839,419,1,,1770,2829,4.213873659000001
15,iterative,auto,warm,1,,True,37,60,0.5,0.2,fixed,1000,1000,609,730,1,,1770,2708,4.19793049399982
15,iterative,auto,warm,1,,True,38,60,0.5,0.2,fixed,1000,1000,406,552,1,,1770,2562,4.1229812960000345
15,iterative,auto,warm,1,,True,39,60,0.5,0.2,fixed,1000,1000,315,399,1,,1770,2478,4.37547878700002
15,iterative,auto,warm,1,,True,40,60,0.5,0.2,fixed,1000,1000,778,344,1,,1770,2912,4.692109641999878
15,iterative,auto,warm,1,,True,41,60,0.5,0.2,fixed,1000,1000,226,586,1,,1770,2552,4.668454948999852
15,iterative,auto,warm,1,,True,42,60,0.5,0.2,fixed,1000,1000,772,365,1,,1770,2959,4.606410224000001
15,iterative,auto,warm,1,,True,43,60,0.5,0.2,fixed,1000,1000,724,799,1,,1770,2884,4.6002116239999395
15,iterative,auto,warm,1,,True,44,60,0.5,0.2,fixed,1000,1000,461,692,1,,1770,2653,0.01972903099999712
