solve_id,solve_type,method,warm_start,min_search_proportion,threshold_proportion,remove_constraints,zero_slack_likelihood,sub_solve_id,n,p,q,cut_type,cut_value,cuts_sought,cuts_added,cuts_removed,search_proportion_used,current_threshold,variables,constraints,cpu_time
24,once,auto,cold,1,,False,0,0,50,0.5,0.2,fixed,1000,78400,78400,0,1,,1225,78401,23.532666317999883
24,iterative,auto,warm,1,,False,0,0,50,0.5,0.2,fixed,1000,100,100,0,1,,1225,101,0.004085164000116492
24,iterative,auto,warm,1,,False,0,1,50,0.5,0.2,fixed,1000,1000,1000,0,1,,1225,1101,0.03172547800022585
24,iterative,auto,warm,1,,False,0,2,50,0.5,0.2,fixed,1000,1000,1000,0,1,,1225,2101,1.095069169999988
24,iterative,auto,warm,1,,False,0,3,50,0.5,0.2,fixed,1000,1000,1000,0,1,,1225,3101,3.5135355379998146
24,iterative,auto,warm,1,,False,0,4,50,0.5,0.2,fixed,1000,1000,1000,0,1,,1225,4101,0.869523819999813
24,iterative,auto,warm,1,,False,0,5,50,0.5,0.2,fixed,1000,1000,94,0,1,,1225,4195,0.0230506630000491
24,iterative,auto,warm,1,,False,0,6,50,0.5,0.2,fixed,1000,1000,94,0,1,,1225,4289,0.025859951000256842
24,iterative,auto,warm,1,,False,0,7,50,0.5,0.2,fixed,1000,1000,94,0,1,,1225,4383,1.404488809999748
24,iterative,auto,warm,1,,False,0,8,50,0.5,0.2,fixed,1000,1000,77,0,1,,1225,4460,0.08638675400015927
24,iterative,auto,warm,1,,True,0,0,50,0.5,0.2,fixed,1000,100,100,0,1,,1225,101,0.003813309000179288
24,iterative,auto,warm,1,,True,0,1,50,0.5,0.2,fixed,1000,1000,1000,86,1,,1225,1015,0.032426796999970975
24,iterative,auto,warm,1,,True,0,2,50,0.5,0.2,fixed,1000,1000,1000,328,1,,1225,1687,0.2893259180000314
24,iterative,auto,warm,1,,True,0,3,50,0.5,0.2,fixed,1000,1000,1000,811,1,,1225,1876,0.7065026440000111
24,iterative,auto,warm,1,,True,0,4,50,0.5,0.2,fixed,1000,1000,1000,912,1,,1225,1964,0.6841362219997791
24,iterative,auto,warm,1,,True,0,5,50,0.5,0.2,fixed,1000,1000,1000,979,1,,1225,1985,0.5238985969999703
24,iterative,auto,warm,1,,True,0,6,50,0.5,0.2,fixed,1000,1000,1000,963,1,,1225,2022,0.10120263199996771
24,iterative,auto,warm,1,,True,0,7,50,0.5,0.2,fixed,1000,1000,414,17,1,,1225,2419,0.011858093999762787
24,iterative,auto,warm,1,,True,0,8,50,0.5,0.2,fixed,1000,1000,138,4,1,,1225,2553,0.012972928000181128
24,iterative,auto,warm,1,,True,0,9,50,0.5,0.2,fixed,1000,1000,138,10,1,,1225,2681,0.012211194999963482
24,iterative,auto,warm,1,,True,0,10,50,0.5,0.2,fixed,1000,1000,226,17,1,,1225,2890,0.016062757999861788
24,iterative,auto,warm,1,,True,0,11,50,0.5,0.2,fixed,1000,1000,138,4,1,,1225,3024,0.01803940599984344
24,iterative,auto,warm,1,,True,0,12,50,0.5,0.2,fixed,1000,1000,140,12,1,,1225,3152,0.01879615999996531
24,iterative,auto,warm,1,,True,0,13,50,0.5,0.2,fixed,1000,1000,226,15,1,,1225,3363,0.3960127279997323
24,iterative,auto,warm,1,,True,0,14,50,0.5,0.2,fixed,1000,1000,1000,2228,1,,1225,2135,0.17830768400017405
24,iterative,auto,warm,1,,True,0,15,50,0.5,0.2,fixed,1000,1000,481,17,1,,1225,2599,0.40023224400010804
24,iterative,auto,warm,1,,True,0,16,50,0.5,0.2,fixed,1000,1000,1000,1500,1,,1225,2099,0.07088866599997345
24,iterative,auto,warm,1,,True,0,17,50,0.5,0.2,fixed,1000,1000,226,5,1,,1225,2320,0.01047737099997903
24,iterative,auto,warm,1,,True,0,18,50,0.5,0.2,fixed,1000,1000,228,10,1,,1225,2538,0.009859783000138123
24,iterative,auto,warm,1,,True,0,19,50,0.5,0.2,fixed,1000,1000,226,3,1,,1225,2761,0.016337282999757008
24,iterative,auto,warm,1,,True,0,20,50,0.5,0.2,fixed,1000,1000,590,15,1,,1225,3336,0.5542658670001401
24,iterative,auto,warm,1,,True,0,21,50,0.5,0.2,fixed,1000,1000,1000,2207,1,,1225,2129,0.4448178139996344
24,iterative,auto,warm,1,,True,0,22,50,0.5,0.2,fixed,1000,1000,1000,1012,1,,1225,2117,0.34157455800004755
24,iterative,auto,warm,1,,True,0,23,50,0.5,0.2,fixed,1000,1000,94,7,1,,1225,2204,0.010858373000246502
24,iterative,auto,warm,1,,True,0,24,50,0.5,0.2,fixed,1000,1000,94,3,1,,1225,2295,0.01120249799987505
24,iterative,auto,warm,1,,True,0,25,50,0.5,0.2,fixed,1000,1000,94,10,1,,1225,2379,0.011396917000183748
24,iterative,auto,warm,1,,True,0,26,50,0.5,0.2,fixed,1000,1000,94,8,1,,1225,2465,0.01204116700000668
24,iterative,auto,warm,1,,True,0,27,50,0.5,0.2,fixed,1000,1000,94,1,1,,1225,2558,0.011818025000138732
24,iterative,auto,warm,1,,True,0,28,50,0.5,0.2,fixed,1000,1000,94,4,1,,1225,2648,0.012250692999714374
24,iterative,auto,warm,1,,True,0,29,50,0.5,0.2,fixed,1000,1000,94,7,1,,1225,2735,0.38222620699980325
24,iterative,auto,warm,1,,True,0,30,50,0.5,0.2,fixed,1000,1000,1000,1585,1,,1225,2150,0.5103640649999761
24,iterative,auto,warm,1,,True,0,31,50,0.5,0.2,fixed,1000,1000,1000,970,1,,1225,2180,0.27684965200023726
24,iterative,auto,warm,1,,True,0,32,50,0.5,0.2,fixed,1000,1000,1000,944,1,,1225,2236,0.145146670000031
24,iterative,auto,warm,1,,True,0,33,50,0.5,0.2,fixed,1000,1000,1000,1010,1,,1225,2226,0.06082081800013839
24,iterative,auto,warm,1,,True,0.1,0,50,0.5,0.2,fixed,1000,100,100,48,1,,1225,101,0.0037618240003212122
24,iterative,auto,warm,1,,True,0.1,1,50,0.5,0.2,fixed,1000,1000,1000,83,1,,1225,1018,0.031187996999960887
24,iterative,auto,warm,1,,True,0.1,2,50,0.5,0.2,fixed,1000,1000,1000,377,1,,1225,1641,0.22468832499998825
24,iterative,auto,warm,1,,True,0.1,3,50,0.5,0.2,fixed,1000,1000,1000,823,1,,1225,1818,0.48552952000000005
24,iterative,auto,warm,1,,True,0.1,4,50,0.5,0.2,fixed,1000,1000,1000,858,1,,1225,1960,0.6562497300001269
24,iterative,auto,warm,1,,True,0.1,5,50,0.5,0.2,fixed,1000,1000,1000,968,1,,1225,1992,0.865929032999702
24,iterative,auto,warm,1,,True,0.1,6,50,0.5,0.2,fixed,1000,1000,1000,980,1,,1225,2012,0.5824491369999123
24,iterative,auto,warm,1,,True,0.1,7,50,0.5,0.2,fixed,1000,1000,1000,184,1,,1225,2828,0.8029549319999205
24,iterative,auto,warm,1,,True,0.1,8,50,0.5,0.2,fixed,1000,1000,1000,257,1,,1225,3571,0.8918726500000957
24,iterative,auto,warm,1,,True,0.1,9,50,0.5,0.2,fixed,1000,1000,548,322,1,,1225,3797,0.8603744570000345
24,iterative,auto,warm,1,,True,0.1,10,50,0.5,0.2,fixed,1000,1000,323,309,1,,1225,3811,0.9667142759999479
24,iterative,auto,warm,1,,True,0.1,11,50,0.5,0.2,fixed,1000,1000,138,301,1,,1225,3648,1.563599198999782
24,iterative,auto,warm,1,,True,0.1,12,50,0.5,0.2,fixed,1000,1000,1000,2578,1,,1225,2070,0.8716331190003075
24,iterative,auto,warm,1,,True,0.1,13,50,0.5,0.2,fixed,1000,1000,1000,1019,1,,1225,2051,0.6017363730002216
24,iterative,auto,warm,1,,True,0.1,14,50,0.5,0.2,fixed,1000,1000,932,146,1,,1225,2837,1.3826600059996963
24,iterative,auto,warm,1,,True,0.1,15,50,0.5,0.2,fixed,1000,1000,577,213,1,,1225,3201,1.5125236849999055
24,iterative,auto,warm,1,,True,0.1,16,50,0.5,0.2,fixed,1000,1000,1000,2112,1,,1225,2089,1.0429468740003358
24,iterative,auto,warm,1,,True,0.1,17,50,0.5,0.2,fixed,1000,1000,1000,1008,1,,1225,2081,0.8957626250003159
24,iterative,auto,warm,1,,True,0.1,18,50,0.5,0.2,fixed,1000,1000,1000,1024,1,,1225,2057,1.0803804639999726
24,iterative,auto,warm,1,,True,0.1,19,50,0.5,0.2,fixed,1000,1000,1000,991,1,,1225,2066,0.8812975890000416
24,iterative,auto,warm,1,,True,0.1,20,50,0.5,0.2,fixed,1000,1000,834,157,1,,1225,2743,1.3300668260003476
24,iterative,auto,warm,1,,True,0.1,21,50,0.5,0.2,fixed,1000,1000,281,191,1,,1225,2833,1.2708060880004268
24,iterative,auto,warm,1,,True,0.1,22,50,0.5,0.2,fixed,1000,1000,280,203,1,,1225,2910,1.288696003000041
24,iterative,auto,warm,1,,True,0.1,23,50,0.5,0.2,fixed,1000,1000,368,187,1,,1225,3091,1.3964520880003874
24,iterative,auto,warm,1,,True,0.1,24,50,0.5,0.2,fixed,1000,1000,188,218,1,,1225,3061,1.6684042340002634
24,iterative,auto,warm,1,,True,0.1,25,50,0.5,0.2,fixed,1000,1000,1000,1950,1,,1225,2111,1.3894319119999636
24,iterative,auto,warm,1,,True,0.1,26,50,0.5,0.2,fixed,1000,1000,1000,954,1,,1225,2157,1.7371785130003445
24,iterative,auto,warm,1,,True,0.1,27,50,0.5,0.2,fixed,1000,1000,1000,952,1,,1225,2205,2.032647547999659
24,iterative,auto,warm,1,,True,0.1,28,50,0.5,0.2,fixed,1000,1000,1000,990,1,,1225,2215,2.017930905999947
24,iterative,auto,warm,1,,True,0.1,29,50,0.5,0.2,fixed,1000,1000,364,380,1,,1225,2199,2.1829944280002564
24,iterative,auto,warm,1,,True,0.1,30,50,0.5,0.2,fixed,1000,1000,610,484,1,,1225,2325,2.2286592979999114
24,iterative,auto,warm,1,,True,0.1,31,50,0.5,0.2,fixed,1000,1000,613,607,1,,1225,2331,2.3001038719999087
24,iterative,auto,warm,1,,True,0.1,32,50,0.5,0.2,fixed,1000,1000,621,638,1,,1225,2314,2.1868960609999704
24,iterative,auto,warm,1,,True,0.1,33,50,0.5,0.2,fixed,1000,1000,838,584,1,,1225,2568,2.193407879999995
24,iterative,auto,warm,1,,True,0.1,34,50,0.5,0.2,fixed,1000,1000,398,924,1,,1225,2042,2.0889856200001304
24,iterative,auto,warm,1,,True,0.1,35,50,0.5,0.2,fixed,1000,1000,563,350,1,,1225,2255,1.956546618000175
24,iterative,auto,warm,1,,True,0.1,36,50,0.5,0.2,fixed,1000,1000,405,502,1,,1225,2158,2.1492437960000643
24,iterative,auto,warm,1,,True,0.1,37,50,0.5,0.2,fixed,1000,1000,431,479,1,,1225,2110,1.9319763710000188
24,iterative,auto,warm,1,,True,0.1,38,50,0.5,0.2,fixed,1000,1000,620,366,1,,1225,2364,2.2639987440002187
24,iterative,auto,warm,1,,True,0.1,39,50,0.5,0.2,fixed,1000,1000,505,704,1,,1225,2165,2.0460486929996478
24,iterative,auto,warm,1,,True,0.1,40,50,0.5,0.2,fixed,1000,1000,994,632,1,,1225,2527,2.3255712280001717
24,iterative,auto,warm,1,,True,0.1,41,50,0.5,0.2,fixed,1000,1000,866,914,1,,1225,2479,2.531038899000123
24,iterative,auto,warm,1,,True,0.1,42,50,0.5,0.2,fixed,1000,1000,544,674,1,,1225,2349,2.3914660980003646
24,iterative,auto,warm,1,,True,0.1,43,50,0.5,0.2,fixed,1000,1000,402,527,1,,1225,2224,2.1511820740001895
24,iterative,auto,warm,1,,True,0.1,44,50,0.5,0.2,fixed,1000,1000,462,494,1,,1225,2192,0.015535371999703784
24,iterative,auto,warm,1,,True,0.3,0,50,0.5,0.2,fixed,1000,100,100,199,1,,1225,101,0.004073041000083322
24,iterative,auto,warm,1,,True,0.3,1,50,0.5,0.2,fixed,1000,1000,1000,86,1,,1225,1015,0.029987079999955313
24,iterative,auto,warm,1,,True,0.3,2,50,0.5,0.2,fixed,1000,1000,1000,397,1,,1225,1618,0.23677859400004309
24,iterative,auto,warm,1,,True,0.3,3,50,0.5,0.2,fixed,1000,1000,1000,816,1,,1225,1802,0.5129432690000613
24,iterative,auto,warm,1,,True,0.3,4,50,0.5,0.2,fixed,1000,1000,1000,886,1,,1225,1916,0.6981562990004022
24,iterative,auto,warm,1,,True,0.3,5,50,0.5,0.2,fixed,1000,1000,1000,945,1,,1225,1971,0.722129490000043
24,iterative,auto,warm,1,,True,0.3,6,50,0.5,0.2,fixed,1000,1000,1000,396,1,,1225,2575,1.0408995040002083
24,iterative,auto,warm,1,,True,0.3,7,50,0.5,0.2,fixed,1000,1000,1000,540,1,,1225,3035,1.1473887619999914
24,iterative,auto,warm,1,,True,0.3,8,50,0.5,0.2,fixed,1000,1000,734,685,1,,1225,3084,0.9027491110000483
24,iterative,auto,warm,1,,True,0.3,9,50,0.5,0.2,fixed,1000,1000,1000,693,1,,1225,3391,1.1408233710003515
24,iterative,auto,warm,1,,True,0.3,10,50,0.5,0.2,fixed,1000,1000,326,738,1,,1225,2979,0.832698733000143
24,iterative,auto,warm,1,,True,0.3,11,50,0.5,0.2,fixed,1000,1000,1000,721,1,,1225,3258,0.9237752069998351
24,iterative,auto,warm,1,,True,0.3,12,50,0.5,0.2,fixed,1000,1000,370,671,1,,1225,2957,0.8032884630001718
24,iterative,auto,warm,1,,True,0.3,13,50,0.5,0.2,fixed,1000,1000,788,627,1,,1225,3118,0.9472948830002679
24,iterative,auto,warm,1,,True,0.3,14,50,0.5,0.2,fixed,1000,1000,368,627,1,,1225,2859,0.7556696719998399
24,iterative,auto,warm,1,,True,0.3,15,50,0.5,0.2,fixed,1000,1000,630,565,1,,1225,2924,0.9295454769999196
24,iterative,auto,warm,1,,True,0.3,16,50,0.5,0.2,fixed,1000,1000,1000,1805,1,,1225,2119,0.7251872219999314
24,iterative,auto,warm,1,,True,0.3,17,50,0.5,0.2,fixed,1000,1000,1000,1103,1,,1225,2016,0.5706000039999708
24,iterative,auto,warm,1,,True,0.3,18,50,0.5,0.2,fixed,1000,1000,1000,993,1,,1225,2023,0.6044089370002439
24,iterative,auto,warm,1,,True,0.3,19,50,0.5,0.2,fixed,1000,1000,1000,1002,1,,1225,2021,0.5987003720001667
24,iterative,auto,warm,1,,True,0.3,20,50,0.5,0.2,fixed,1000,1000,1000,983,1,,1225,2038,0.4701110190003419
24,iterative,auto,warm,1,,True,0.3,21,50,0.5,0.2,fixed,1000,1000,752,282,1,,1225,2508,0.6984854740003357
24,iterative,auto,warm,1,,True,0.3,22,50,0.5,0.2,fixed,1000,1000,1000,409,1,,1225,3099,1.2741690050002035
24,iterative,auto,warm,1,,True,0.3,23,50,0.5,0.2,fixed,1000,1000,1000,2017,1,,1225,2082,0.9873276550001719
24,iterative,auto,warm,1,,True,0.3,24,50,0.5,0.2,fixed,1000,1000,1000,1014,1,,1225,2068,1.0714955739999823
24,iterative,auto,warm,1,,True,0.3,25,50,0.5,0.2,fixed,1000,1000,808,285,1,,1225,2591,1.3254068279998137
24,iterative,auto,warm,1,,True,0.3,26,50,0.5,0.2,fixed,1000,1000,1000,1487,1,,1225,2104,0.9409498380000514
24,iterative,auto,warm,1,,True,0.3,27,50,0.5,0.2,fixed,1000,1000,1000,314,1,,1225,2790,1.5982734740000524
24,iterative,auto,warm,1,,True,0.3,28,50,0.5,0.2,fixed,1000,1000,1000,1688,1,,1225,2102,1.1234303199998976
24,iterative,auto,warm,1,,True,0.3,29,50,0.5,0.2,fixed,1000,1000,188,265,1,,1225,2025,1.0659576049997668
24,iterative,auto,warm,1,,True,0.3,30,50,0.5,0.2,fixed,1000,1000,423,222,1,,1225,2226,1.0991252329999952
24,iterative,auto,warm,1,,True,0.3,31,50,0.5,0.2,fixed,1000,1000,329,274,1,,1225,2281,1.0448635870002363
24,iterative,auto,warm,1,,True,0.3,32,50,0.5,0.2,fixed,1000,1000,94,292,1,,1225,2083,1.0915580339997177
24,iterative,auto,warm,1,,True,0.3,33,50,0.5,0.2,fixed,1000,1000,188,237,1,,1225,2034,1.2443970630001786
24,iterative,auto,warm,1,,True,0.3,34,50,0.5,0.2,fixed,1000,1000,1000,942,1,,1225,2092,0.4014452739997978
24,iterative,auto,warm,1,,True,0.3,35,50,0.5,0.2,fixed,1000,1000,1000,937,1,,1225,2155,1.944615888000044
24,iterative,auto,warm,1,,True,0.3,36,50,0.5,0.2,fixed,1000,1000,1000,954,1,,1225,2201,1.9243511220001892
24,iterative,auto,warm,1,,True,0.3,37,50,0.5,0.2,fixed,1000,1000,1000,994,1,,1225,2207,1.9146841179999683
24,iterative,auto,warm,1,,True,0.3,38,50,0.5,0.2,fixed,1000,1000,1000,998,1,,1225,2209,1.8906593789997714
24,iterative,auto,warm,1,,True,0.3,39,50,0.5,0.2,fixed,1000,1000,1000,987,1,,1225,2222,0.1115372109998134
24,iterative,auto,warm,1,,True,0.3,40,50,0.5,0.2,fixed,1000,1000,1000,1003,1,,1225,2219,2.2301855949999663
24,iterative,auto,warm,1,,True,0.3,41,50,0.5,0.2,fixed,1000,1000,182,246,1,,1225,2155,2.188316021999981
24,iterative,auto,warm,1,,True,0.3,42,50,0.5,0.2,fixed,1000,1000,214,289,1,,1225,2080,2.093025957000009
24,iterative,auto,warm,1,,True,0.3,43,50,0.5,0.2,fixed,1000,1000,50,314,1,,1225,1816,1.7699145569999928
24,iterative,auto,warm,1,,True,0.3,44,50,0.5,0.2,fixed,1000,1000,328,141,1,,1225,2003,1.9610651189996133
24,iterative,auto,warm,1,,True,0.3,45,50,0.5,0.2,fixed,1000,1000,115,271,1,,1225,1847,1.688875416999963
24,iterative,auto,warm,1,,True,0.3,46,50,0.5,0.2,fixed,1000,1000,163,199,1,,1225,1811,1.6431779819999974
24,iterative,auto,warm,1,,True,0.3,47,50,0.5,0.2,fixed,1000,1000,640,260,1,,1225,2191,2.166251860000102
24,iterative,auto,warm,1,,True,0.3,48,50,0.5,0.2,fixed,1000,1000,304,519,1,,1225,1976,1.8220870069999364
24,iterative,auto,warm,1,,True,0.3,49,50,0.5,0.2,fixed,1000,1000,393,348,1,,1225,2021,2.0490222610001183
24,iterative,auto,warm,1,,True,0.3,50,50,0.5,0.2,fixed,1000,1000,277,363,1,,1225,1935,1.9229139409999334
24,iterative,auto,warm,1,,True,0.3,51,50,0.5,0.2,fixed,1000,1000,327,369,1,,1225,1893,1.8612858670003334
24,iterative,auto,warm,1,,True,0.3,52,50,0.5,0.2,fixed,1000,1000,230,254,1,,1225,1869,1.9375276969999504
24,iterative,auto,warm,1,,True,0.3,53,50,0.5,0.2,fixed,1000,1000,156,221,1,,1225,1804,1.8692251420002322
24,iterative,auto,warm,1,,True,0.3,54,50,0.5,0.2,fixed,1000,1000,551,230,1,,1225,2125,0.01622581799983891
