solve_id,solve_type,method,warm_start,min_search_proportion,threshold_proportion,remove_constraints,sub_solve_id,n,p,q,cut_type,cut_value,cuts_sought,cuts_added,cuts_removed,search_proportion_used,current_threshold,variables,constraints,cpu_time
61,iterative,auto,warm,1,,True,0,130,0.5,0.2,fixed,1000,100,100,0,1,,8385,101,0.015625
61,iterative,auto,warm,1,,True,1,130,0.5,0.2,fixed,1000,1000,1000,100,1,,8385,1001,0.03125
61,iterative,auto,warm,1,,True,2,130,0.5,0.2,fixed,1000,1000,1000,1000,1,,8385,1001,0.03125
61,iterative,auto,warm,1,,True,3,130,0.5,0.2,fixed,1000,1000,1000,1000,1,,8385,1001,0.015625
61,iterative,auto,warm,1,,True,4,130,0.5,0.2,fixed,1000,1000,1000,552,1,,8385,1449,0.03125
61,iterative,auto,warm,1,,True,5,130,0.5,0.2,fixed,1000,1000,1000,767,1,,8385,1682,0.03125
61,iterative,auto,warm,1,,True,6,130,0.5,0.2,fixed,1000,1000,1000,560,1,,8385,2122,0.046875
61,iterative,auto,warm,1,,True,7,130,0.5,0.2,fixed,1000,1000,1000,346,1,,8385,2776,0.0625
61,iterative,auto,warm,1,,True,8,130,0.5,0.2,fixed,1000,1000,1000,393,1,,8385,3383,0.09375
61,iterative,auto,warm,1,,True,9,130,0.5,0.2,fixed,1000,1000,1000,618,1,,8385,3765,0.140625
61,iterative,auto,warm,1,,True,10,130,0.5,0.2,fixed,1000,1000,1000,683,1,,8385,4082,0.15625
61,iterative,auto,warm,1,,True,11,130,0.5,0.2,fixed,1000,1000,1000,713,1,,8385,4369,0.265625
61,iterative,auto,warm,1,,True,12,130,0.5,0.2,fixed,1000,1000,1000,874,1,,8385,4495,0.171875
61,iterative,auto,warm,1,,True,13,130,0.5,0.2,fixed,1000,1000,1000,825,1,,8385,4670,0.1875
61,iterative,auto,warm,1,,True,14,130,0.5,0.2,fixed,1000,1000,1000,824,1,,8385,4846,0.328125
61,iterative,auto,warm,1,,True,15,130,0.5,0.2,fixed,1000,1000,1000,900,1,,8385,4946,0.296875
61,iterative,auto,warm,1,,True,16,130,0.5,0.2,fixed,1000,1000,1000,893,1,,8385,5053,0.34375
61,iterative,auto,warm,1,,True,17,130,0.5,0.2,fixed,1000,1000,1000,906,1,,8385,5147,0.421875
61,iterative,auto,warm,1,,True,18,130,0.5,0.2,fixed,1000,1000,1000,927,1,,8385,5220,0.46875
61,iterative,auto,warm,1,,True,19,130,0.5,0.2,fixed,1000,1000,1000,919,1,,8385,5301,0.53125
61,iterative,auto,warm,1,,True,20,130,0.5,0.2,fixed,1000,1000,1000,792,1,,8385,5509,1.84375
61,iterative,auto,warm,1,,True,21,130,0.5,0.2,fixed,1000,1000,1000,814,1,,8385,5695,2.421875
61,iterative,auto,warm,1,,True,22,130,0.5,0.2,fixed,1000,1000,1000,860,1,,8385,5835,2.53125
61,iterative,auto,warm,1,,True,23,130,0.5,0.2,fixed,1000,1000,1000,901,1,,8385,5934,3.84375
61,iterative,auto,warm,1,,True,24,130,0.5,0.2,fixed,1000,1000,1000,869,1,,8385,6065,4.71875
61,iterative,auto,warm,1,,True,25,130,0.5,0.2,fixed,1000,1000,1000,815,1,,8385,6250,7.796875
61,iterative,auto,warm,1,,True,26,130,0.5,0.2,fixed,1000,1000,1000,826,1,,8385,6424,8.734375
61,iterative,auto,warm,1,,True,27,130,0.5,0.2,fixed,1000,1000,1000,865,1,,8385,6559,11.40625
61,iterative,auto,warm,1,,True,28,130,0.5,0.2,fixed,1000,1000,1000,869,1,,8385,6690,12.765625
61,iterative,auto,warm,1,,True,29,130,0.5,0.2,fixed,1000,1000,1000,841,1,,8385,6849,16.46875
61,iterative,auto,warm,1,,True,30,130,0.5,0.2,fixed,1000,1000,1000,860,1,,8385,6989,18.78125
61,iterative,auto,warm,1,,True,31,130,0.5,0.2,fixed,1000,1000,1000,843,1,,8385,7146,20.28125
61,iterative,auto,warm,1,,True,32,130,0.5,0.2,fixed,1000,1000,1000,845,1,,8385,7301,11.40625
61,iterative,auto,warm,1,,True,33,130,0.5,0.2,fixed,1000,1000,1000,854,1,,8385,7447,13.078125
61,iterative,auto,warm,1,,True,34,130,0.5,0.2,fixed,1000,1000,1000,873,1,,8385,7574,13.609375
61,iterative,auto,warm,1,,True,35,130,0.5,0.2,fixed,1000,1000,1000,824,1,,8385,7750,15.328125
61,iterative,auto,warm,1,,True,36,130,0.5,0.2,fixed,1000,1000,1000,838,1,,8385,7912,17.46875
61,iterative,auto,warm,1,,True,37,130,0.5,0.2,fixed,1000,1000,1000,940,1,,8385,7972,17.6875
61,iterative,auto,warm,1,,True,38,130,0.5,0.2,fixed,1000,1000,1000,888,1,,8385,8084,18.96875
61,iterative,auto,warm,1,,True,39,130,0.5,0.2,fixed,1000,1000,1000,911,1,,8385,8173,20.28125
61,iterative,auto,warm,1,,True,40,130,0.5,0.2,fixed,1000,1000,1000,919,1,,8385,8254,20.28125
61,iterative,auto,warm,1,,True,41,130,0.5,0.2,fixed,1000,1000,1000,937,1,,8385,8317,20.15625
61,iterative,auto,warm,1,,True,42,130,0.5,0.2,fixed,1000,1000,1000,923,1,,8385,8394,23.484375
61,iterative,auto,warm,1,,True,43,130,0.5,0.2,fixed,1000,1000,1000,924,1,,8385,8470,23.3125
61,iterative,auto,warm,1,,True,44,130,0.5,0.2,fixed,1000,1000,1000,964,1,,8385,8506,25.71875
61,iterative,auto,warm,1,,True,45,130,0.5,0.2,fixed,1000,1000,1000,964,1,,8385,8542,29.390625
61,iterative,auto,warm,1,,True,46,130,0.5,0.2,fixed,1000,1000,1000,953,1,,8385,8589,26.96875
61,iterative,auto,warm,1,,True,47,130,0.5,0.2,fixed,1000,1000,1000,994,1,,8385,8595,25.484375
61,iterative,auto,warm,1,,True,48,130,0.5,0.2,fixed,1000,1000,1000,944,1,,8385,8651,26.71875
61,iterative,auto,warm,1,,True,49,130,0.5,0.2,fixed,1000,1000,1000,940,1,,8385,8711,28.5625
61,iterative,auto,warm,1,,True,50,130,0.5,0.2,fixed,1000,1000,1000,971,1,,8385,8740,28.390625
61,iterative,auto,warm,1,,True,51,130,0.5,0.2,fixed,1000,1000,1000,980,1,,8385,8760,30.046875
61,iterative,auto,warm,1,,True,52,130,0.5,0.2,fixed,1000,1000,1000,1003,1,,8385,8757,30.390625
61,iterative,auto,warm,1,,True,53,130,0.5,0.2,fixed,1000,1000,1000,964,1,,8385,8793,28.390625
61,iterative,auto,warm,1,,True,54,130,0.5,0.2,fixed,1000,1000,1000,975,1,,8385,8818,28.890625
61,iterative,auto,warm,1,,True,55,130,0.5,0.2,fixed,1000,1000,1000,1003,1,,8385,8815,31.109375
61,iterative,auto,warm,1,,True,56,130,0.5,0.2,fixed,1000,1000,1000,999,1,,8385,8816,30.34375
61,iterative,auto,warm,1,,True,57,130,0.5,0.2,fixed,1000,1000,1000,1001,1,,8385,8815,35.25
61,iterative,auto,warm,1,,True,58,130,0.5,0.2,fixed,1000,1000,1000,1010,1,,8385,8805,27.359375
61,iterative,auto,warm,1,,True,59,130,0.5,0.2,fixed,1000,1000,1000,1029,1,,8385,8776,28.59375
61,iterative,auto,warm,1,,True,60,130,0.5,0.2,fixed,1000,1000,1000,993,1,,8385,8783,28.953125
61,iterative,auto,warm,1,,True,61,130,0.5,0.2,fixed,1000,1000,1000,1013,1,,8385,8770,34.328125
61,iterative,auto,warm,1,,True,62,130,0.5,0.2,fixed,1000,1000,1000,963,1,,8385,8807,42.09375
61,iterative,auto,warm,1,,True,63,130,0.5,0.2,fixed,1000,1000,1000,1006,1,,8385,8801,42.28125
61,iterative,auto,warm,1,,True,64,130,0.5,0.2,fixed,1000,1000,1000,967,1,,8385,8834,49.84375
61,iterative,auto,warm,1,,True,65,130,0.5,0.2,fixed,1000,1000,1000,906,1,,8385,8928,50.765625
61,iterative,auto,warm,1,,True,66,130,0.5,0.2,fixed,1000,1000,762,929,1,,8385,8761,42.828125
61,iterative,auto,warm,1,,True,67,130,0.5,0.2,fixed,1000,1000,762,684,1,,8385,8839,39.40625
61,iterative,auto,warm,1,,True,68,130,0.5,0.2,fixed,1000,1000,746,711,1,,8385,8874,44.34375
61,iterative,auto,warm,1,,True,69,130,0.5,0.2,fixed,1000,1000,508,735,1,,8385,8647,40.546875
