solve_id,solve_type,method,warm_start,min_search_proportion,threshold_proportion,remove_constraints,sub_solve_id,n,p,q,cut_type,cut_value,cuts_sought,cuts_added,cuts_removed,search_proportion_used,current_threshold,variables,constraints,cpu_time
6,iterative,auto,warm,1,,True,0,100,0.5,0.2,fixed,1000,100,100,0,1,,4950,101,0.010350975999244838
6,iterative,auto,warm,1,,True,1,100,0.5,0.2,fixed,1000,1000,1000,100,1,,4950,1001,0.03812925199963502
6,iterative,auto,warm,1,,True,2,100,0.5,0.2,fixed,1000,1000,1000,1000,1,,4950,1001,0.032044294001025264
6,iterative,auto,warm,1,,True,3,100,0.5,0.2,fixed,1000,1000,1000,999,1,,4950,1002,0.03294891999939864
6,iterative,auto,warm,1,,True,4,100,0.5,0.2,fixed,1000,1000,1000,534,1,,4950,1468,0.05264382099994691
6,iterative,auto,warm,1,,True,5,100,0.5,0.2,fixed,1000,1000,1000,383,1,,4950,2085,0.09079264100000728
6,iterative,auto,warm,1,,True,6,100,0.5,0.2,fixed,1000,1000,1000,471,1,,4950,2614,0.1601609040008043
6,iterative,auto,warm,1,,True,7,100,0.5,0.2,fixed,1000,1000,1000,706,1,,4950,2908,0.20164629300052184
6,iterative,auto,warm,1,,True,8,100,0.5,0.2,fixed,1000,1000,1000,801,1,,4950,3107,0.27754076499877556
6,iterative,auto,warm,1,,True,9,100,0.5,0.2,fixed,1000,1000,1000,897,1,,4950,3210,0.3335547279984894
6,iterative,auto,warm,1,,True,10,100,0.5,0.2,fixed,1000,1000,1000,757,1,,4950,3453,0.716308229999413
6,iterative,auto,warm,1,,True,11,100,0.5,0.2,fixed,1000,1000,1000,842,1,,4950,3611,1.2951461259999633
6,iterative,auto,warm,1,,True,12,100,0.5,0.2,fixed,1000,1000,1000,835,1,,4950,3776,2.3236605479996797
6,iterative,auto,warm,1,,True,13,100,0.5,0.2,fixed,1000,1000,1000,822,1,,4950,3954,3.7347554259995377
6,iterative,auto,warm,1,,True,14,100,0.5,0.2,fixed,1000,1000,1000,803,1,,4950,4151,6.525902467999913
6,iterative,auto,warm,1,,True,15,100,0.5,0.2,fixed,1000,1000,1000,816,1,,4950,4335,9.27160356999957
6,iterative,auto,warm,1,,True,16,100,0.5,0.2,fixed,1000,1000,1000,842,1,,4950,4493,11.22013975200025
6,iterative,auto,warm,1,,True,17,100,0.5,0.2,fixed,1000,1000,1000,876,1,,4950,4617,13.864724492999812
6,iterative,auto,warm,1,,True,18,100,0.5,0.2,fixed,1000,1000,1000,858,1,,4950,4759,17.262099228999432
6,iterative,auto,warm,1,,True,19,100,0.5,0.2,fixed,1000,1000,1000,905,1,,4950,4854,19.41938092500095
6,iterative,auto,warm,1,,True,20,100,0.5,0.2,fixed,1000,1000,1000,855,1,,4950,4999,22.99071566800012
6,iterative,auto,warm,1,,True,21,100,0.5,0.2,fixed,1000,1000,1000,931,1,,4950,5068,28.04626649400052
6,iterative,auto,warm,1,,True,22,100,0.5,0.2,fixed,1000,1000,1000,885,1,,4950,5183,29.401960737999616
6,iterative,auto,warm,1,,True,23,100,0.5,0.2,fixed,1000,1000,1000,934,1,,4950,5249,35.278600879000805
6,iterative,auto,warm,1,,True,24,100,0.5,0.2,fixed,1000,1000,1000,931,1,,4950,5318,33.80296518199975
6,iterative,auto,warm,1,,True,25,100,0.5,0.2,fixed,1000,1000,1000,970,1,,4950,5348,36.108095192999826
6,iterative,auto,warm,1,,True,26,100,0.5,0.2,fixed,1000,1000,1000,965,1,,4950,5383,37.939293327000996
6,iterative,auto,warm,1,,True,27,100,0.5,0.2,fixed,1000,1000,1000,964,1,,4950,5419,39.62405173099978
6,iterative,auto,warm,1,,True,28,100,0.5,0.2,fixed,1000,1000,1000,956,1,,4950,5463,40.3351799510001
6,iterative,auto,warm,1,,True,29,100,0.5,0.2,fixed,1000,1000,1000,976,1,,4950,5487,39.56163473399829
6,iterative,auto,warm,1,,True,30,100,0.5,0.2,fixed,1000,1000,1000,972,1,,4950,5515,48.18532261499968
6,iterative,auto,warm,1,,True,31,100,0.5,0.2,fixed,1000,1000,1000,964,1,,4950,5551,49.08257939699979
6,iterative,auto,warm,1,,True,32,100,0.5,0.2,fixed,1000,1000,1000,984,1,,4950,5567,42.06620335200023
6,iterative,auto,warm,1,,True,33,100,0.5,0.2,fixed,1000,1000,1000,989,1,,4950,5578,46.476326706999316
6,iterative,auto,warm,1,,True,34,100,0.5,0.2,fixed,1000,1000,1000,995,1,,4950,5583,39.32791482799985
6,iterative,auto,warm,1,,True,35,100,0.5,0.2,fixed,1000,1000,1000,1008,1,,4950,5575,36.295797097000104
6,iterative,auto,warm,1,,True,36,100,0.5,0.2,fixed,1000,1000,1000,1054,1,,4950,5521,35.61749897000118
6,iterative,auto,warm,1,,True,37,100,0.5,0.2,fixed,1000,1000,1000,979,1,,4950,5542,42.23058883500016
6,iterative,auto,warm,1,,True,38,100,0.5,0.2,fixed,1000,1000,1000,994,1,,4950,5548,40.877792236999085
6,iterative,auto,warm,1,,True,39,100,0.5,0.2,fixed,1000,1000,1000,1017,1,,4950,5531,37.847796605999974
6,iterative,auto,warm,1,,True,40,100,0.5,0.2,fixed,1000,1000,1000,1000,1,,4950,5531,37.804391101000874
6,iterative,auto,warm,1,,True,41,100,0.5,0.2,fixed,1000,1000,1000,1007,1,,4950,5524,39.90749758899983
6,iterative,auto,warm,1,,True,42,100,0.5,0.2,fixed,1000,1000,1000,998,1,,4950,5526,39.97866531700129
6,iterative,auto,warm,1,,True,43,100,0.5,0.2,fixed,1000,1000,1000,994,1,,4950,5532,37.63543356899936
6,iterative,auto,warm,1,,True,44,100,0.5,0.2,fixed,1000,1000,1000,986,1,,4950,5546,38.24723962999997
6,iterative,auto,warm,1,,True,45,100,0.5,0.2,fixed,1000,1000,1000,1007,1,,4950,5539,41.29518979800014
6,iterative,auto,warm,1,,True,46,100,0.5,0.2,fixed,1000,1000,1000,1013,1,,4950,5526,41.008665452998684
6,iterative,auto,warm,1,,True,47,100,0.5,0.2,fixed,1000,1000,1000,1010,1,,4950,5516,36.61838310999883
6,iterative,auto,warm,1,,True,48,100,0.5,0.2,fixed,1000,1000,1000,963,1,,4950,5553,33.995178399
6,iterative,auto,warm,1,,True,49,100,0.5,0.2,fixed,1000,1000,1000,996,1,,4950,5557,32.74382835200049
6,iterative,auto,warm,1,,True,50,100,0.5,0.2,fixed,1000,1000,960,995,1,,4950,5522,31.949949050000214
6,iterative,auto,warm,1,,True,51,100,0.5,0.2,fixed,1000,1000,1000,945,1,,4950,5577,33.1880323839996
6,iterative,auto,warm,1,,True,52,100,0.5,0.2,fixed,1000,1000,1000,936,1,,4950,5641,34.21282979500029
6,iterative,auto,warm,1,,True,53,100,0.5,0.2,fixed,1000,1000,570,886,1,,4950,5325,30.617634039999757
6,iterative,auto,warm,1,,True,54,100,0.5,0.2,fixed,1000,1000,388,560,1,,4950,5153,32.8635190240002
