solve_id,solve_type,method,warm_start,min_search_proportion,threshold_proportion,remove_constraints,sub_solve_id,n,p,q,cut_type,cut_value,cuts_sought,cuts_added,cuts_removed,search_proportion_used,current_threshold,variables,constraints,cpu_time
17,iterative,auto,warm,1,,True,0,130,0.5,0.2,fixed,1000,100,100,0,1,,8385,101,0.024528341004042886
17,iterative,auto,warm,1,,True,1,130,0.5,0.2,fixed,1000,1000,1000,100,1,,8385,1001,0.07182460800686385
17,iterative,auto,warm,1,,True,2,130,0.5,0.2,fixed,1000,1000,1000,1000,1,,8385,1001,0.039079312002286315
17,iterative,auto,warm,1,,True,3,130,0.5,0.2,fixed,1000,1000,1000,1000,1,,8385,1001,0.0685413050086936
17,iterative,auto,warm,1,,True,4,130,0.5,0.2,fixed,1000,1000,1000,525,1,,8385,1476,0.05333824100671336
17,iterative,auto,warm,1,,True,5,130,0.5,0.2,fixed,1000,1000,1000,764,1,,8385,1712,0.06825086098979227
17,iterative,auto,warm,1,,True,6,130,0.5,0.2,fixed,1000,1000,1000,542,1,,8385,2170,0.11374014700413682
17,iterative,auto,warm,1,,True,7,130,0.5,0.2,fixed,1000,1000,1000,331,1,,8385,2839,0.1652328049967764
17,iterative,auto,warm,1,,True,8,130,0.5,0.2,fixed,1000,1000,1000,442,1,,8385,3397,0.20000899900333025
17,iterative,auto,warm,1,,True,9,130,0.5,0.2,fixed,1000,1000,1000,650,1,,8385,3747,0.2490877929958515
17,iterative,auto,warm,1,,True,10,130,0.5,0.2,fixed,1000,1000,1000,730,1,,8385,4017,0.383446780993836
17,iterative,auto,warm,1,,True,11,130,0.5,0.2,fixed,1000,1000,1000,725,1,,8385,4292,0.4444737140001962
17,iterative,auto,warm,1,,True,12,130,0.5,0.2,fixed,1000,1000,1000,795,1,,8385,4497,0.44050091500685085
17,iterative,auto,warm,1,,True,13,130,0.5,0.2,fixed,1000,1000,1000,767,1,,8385,4730,0.7280490350094624
17,iterative,auto,warm,1,,True,14,130,0.5,0.2,fixed,1000,1000,1000,883,1,,8385,4847,0.9514490870060399
17,iterative,auto,warm,1,,True,15,130,0.5,0.2,fixed,1000,1000,1000,792,1,,8385,5055,1.6047245509980712
17,iterative,auto,warm,1,,True,16,130,0.5,0.2,fixed,1000,1000,1000,867,1,,8385,5188,1.619130844992469
17,iterative,auto,warm,1,,True,17,130,0.5,0.2,fixed,1000,1000,1000,858,1,,8385,5330,2.621044369006995
17,iterative,auto,warm,1,,True,18,130,0.5,0.2,fixed,1000,1000,1000,853,1,,8385,5477,3.515487871991354
17,iterative,auto,warm,1,,True,19,130,0.5,0.2,fixed,1000,1000,1000,867,1,,8385,5610,5.669684521009913
17,iterative,auto,warm,1,,True,20,130,0.5,0.2,fixed,1000,1000,1000,813,1,,8385,5797,6.868511457010754
17,iterative,auto,warm,1,,True,21,130,0.5,0.2,fixed,1000,1000,1000,835,1,,8385,5962,9.525038457999472
17,iterative,auto,warm,1,,True,22,130,0.5,0.2,fixed,1000,1000,1000,851,1,,8385,6111,13.765710691004642
17,iterative,auto,warm,1,,True,23,130,0.5,0.2,fixed,1000,1000,1000,824,1,,8385,6287,19.38964319799561
17,iterative,auto,warm,1,,True,24,130,0.5,0.2,fixed,1000,1000,1000,837,1,,8385,6450,23.26440813600493
17,iterative,auto,warm,1,,True,25,130,0.5,0.2,fixed,1000,1000,1000,825,1,,8385,6625,27.52427391000674
17,iterative,auto,warm,1,,True,26,130,0.5,0.2,fixed,1000,1000,1000,870,1,,8385,6755,33.65625656800694
17,iterative,auto,warm,1,,True,27,130,0.5,0.2,fixed,1000,1000,1000,847,1,,8385,6908,43.65137385300477
17,iterative,auto,warm,1,,True,28,130,0.5,0.2,fixed,1000,1000,1000,826,1,,8385,7082,45.22531135499594
17,iterative,auto,warm,1,,True,29,130,0.5,0.2,fixed,1000,1000,1000,826,1,,8385,7256,61.0293635110138
17,iterative,auto,warm,1,,True,30,130,0.5,0.2,fixed,1000,1000,1000,885,1,,8385,7371,64.56141024299723
17,iterative,auto,warm,1,,True,31,130,0.5,0.2,fixed,1000,1000,1000,863,1,,8385,7508,69.38323726700037
17,iterative,auto,warm,1,,True,32,130,0.5,0.2,fixed,1000,1000,1000,838,1,,8385,7670,70.69928413300659
17,iterative,auto,warm,1,,True,33,130,0.5,0.2,fixed,1000,1000,1000,861,1,,8385,7809,77.20690696599195
17,iterative,auto,warm,1,,True,34,130,0.5,0.2,fixed,1000,1000,1000,916,1,,8385,7893,84.02254111200455
17,iterative,auto,warm,1,,True,35,130,0.5,0.2,fixed,1000,1000,1000,882,1,,8385,8011,93.423182308994
17,iterative,auto,warm,1,,True,36,130,0.5,0.2,fixed,1000,1000,1000,944,1,,8385,8067,93.26516681400244
17,iterative,auto,warm,1,,True,37,130,0.5,0.2,fixed,1000,1000,1000,916,1,,8385,8151,95.62396493200504
17,iterative,auto,warm,1,,True,38,130,0.5,0.2,fixed,1000,1000,1000,895,1,,8385,8256,103.5784333920019
17,iterative,auto,warm,1,,True,39,130,0.5,0.2,fixed,1000,1000,1000,935,1,,8385,8321,103.10466604599787
17,iterative,auto,warm,1,,True,40,130,0.5,0.2,fixed,1000,1000,1000,957,1,,8385,8364,100.57764475001022
17,iterative,auto,warm,1,,True,41,130,0.5,0.2,fixed,1000,1000,1000,984,1,,8385,8380,108.29360018199077
17,iterative,auto,warm,1,,True,42,130,0.5,0.2,fixed,1000,1000,1000,974,1,,8385,8406,110.34520060199429
17,iterative,auto,warm,1,,True,43,130,0.5,0.2,fixed,1000,1000,1000,958,1,,8385,8448,110.71852269700321
17,iterative,auto,warm,1,,True,44,130,0.5,0.2,fixed,1000,1000,1000,955,1,,8385,8493,108.77121126999555
17,iterative,auto,warm,1,,True,45,130,0.5,0.2,fixed,1000,1000,1000,967,1,,8385,8526,111.1064664049918
17,iterative,auto,warm,1,,True,46,130,0.5,0.2,fixed,1000,1000,1000,1027,1,,8385,8499,104.7951100700011
17,iterative,auto,warm,1,,True,47,130,0.5,0.2,fixed,1000,1000,1000,991,1,,8385,8508,117.94145469200157
17,iterative,auto,warm,1,,True,48,130,0.5,0.2,fixed,1000,1000,1000,963,1,,8385,8545,111.81715809699381
17,iterative,auto,warm,1,,True,49,130,0.5,0.2,fixed,1000,1000,1000,979,1,,8385,8566,119.35114046400122
17,iterative,auto,warm,1,,True,50,130,0.5,0.2,fixed,1000,1000,1000,1016,1,,8385,8550,115.25641482499486
17,iterative,auto,warm,1,,True,51,130,0.5,0.2,fixed,1000,1000,1000,1038,1,,8385,8512,127.39218436401279
17,iterative,auto,warm,1,,True,52,130,0.5,0.2,fixed,1000,1000,1000,1030,1,,8385,8482,120.04689369999687
17,iterative,auto,warm,1,,True,53,130,0.5,0.2,fixed,1000,1000,1000,979,1,,8385,8503,132.45412664201285
17,iterative,auto,warm,1,,True,54,130,0.5,0.2,fixed,1000,1000,1000,1021,1,,8385,8482,143.0279744399886
17,iterative,auto,warm,1,,True,55,130,0.5,0.2,fixed,1000,1000,1000,982,1,,8385,8500,164.20476632801
17,iterative,auto,warm,1,,True,56,130,0.5,0.2,fixed,1000,1000,1000,936,1,,8385,8564,102.4049776460015
17,iterative,auto,warm,1,,True,57,130,0.5,0.2,fixed,1000,1000,1000,911,1,,8385,8653,148.6751709090022
17,iterative,auto,warm,1,,True,58,130,0.5,0.2,fixed,1000,1000,1000,918,1,,8385,8735,160.80553420400247
17,iterative,auto,warm,1,,True,59,130,0.5,0.2,fixed,1000,1000,254,855,1,,8385,8134,142.359825713007
