solve_id,solve_type,method,warm_start,min_search_proportion,threshold_proportion,remove_constraints,zero_slack_likelihood,sub_solve_id,n,p,q,cut_type,cut_value,cuts_sought,cuts_added,cuts_removed,search_proportion_used,current_threshold,variables,constraints,cpu_time
32,once,auto,cold,1,,False,0,0,40,0.5,0.2,fixed,1000,39520,39520,0,1,,780,39521,9.617648412000108
32,iterative,auto,warm,1,,False,0,0,40,0.5,0.2,fixed,1000,100,100,0,1,,780,101,0.003755165000029592
32,iterative,auto,warm,1,,False,0,1,40,0.5,0.2,fixed,1000,1000,1000,0,1,,780,1101,0.09238823699979548
32,iterative,auto,warm,1,,False,0,2,40,0.5,0.2,fixed,1000,1000,1000,0,1,,780,2101,1.1276534160001574
32,iterative,auto,warm,1,,False,0,3,40,0.5,0.2,fixed,1000,1000,1000,0,1,,780,3101,0.6214170359999116
32,iterative,auto,warm,1,,True,0,0,40,0.5,0.2,fixed,1000,100,100,0,1,,780,101,0.0036742980000781245
32,iterative,auto,warm,1,,True,0,1,40,0.5,0.2,fixed,1000,1000,1000,42,1,,780,1059,0.08480135200011318
32,iterative,auto,warm,1,,True,0,2,40,0.5,0.2,fixed,1000,1000,1000,546,1,,780,1513,0.4470541969999431
32,iterative,auto,warm,1,,True,0,3,40,0.5,0.2,fixed,1000,1000,1000,868,1,,780,1645,0.40482614799998373
32,iterative,auto,warm,1,,True,0,4,40,0.5,0.2,fixed,1000,1000,1000,945,1,,780,1700,0.25989818900006867
32,iterative,auto,warm,1,,True,0,5,40,0.5,0.2,fixed,1000,1000,1000,992,1,,780,1708,0.30188904100009495
32,iterative,auto,warm,1,,True,0,6,40,0.5,0.2,fixed,1000,1000,1000,961,1,,780,1747,0.21300609899981282
32,iterative,auto,warm,1,,True,0,7,40,0.5,0.2,fixed,1000,1000,1000,965,1,,780,1782,0.034609073999945394
32,iterative,auto,warm,1,,True,0.1,0,40,0.5,0.2,fixed,1000,100,100,52,1,,780,101,0.0037081160000980162
32,iterative,auto,warm,1,,True,0.1,1,40,0.5,0.2,fixed,1000,1000,1000,37,1,,780,1064,0.09569329500004642
32,iterative,auto,warm,1,,True,0.1,2,40,0.5,0.2,fixed,1000,1000,1000,573,1,,780,1491,0.45412033599995993
32,iterative,auto,warm,1,,True,0.1,3,40,0.5,0.2,fixed,1000,1000,1000,852,1,,780,1639,0.4990339019998373
32,iterative,auto,warm,1,,True,0.1,4,40,0.5,0.2,fixed,1000,1000,1000,977,1,,780,1662,0.42605242599984194
32,iterative,auto,warm,1,,True,0.1,5,40,0.5,0.2,fixed,1000,1000,1000,986,1,,780,1676,0.5386908989999029
32,iterative,auto,warm,1,,True,0.1,6,40,0.5,0.2,fixed,1000,1000,1000,970,1,,780,1706,0.5975461640000503
32,iterative,auto,warm,1,,True,0.1,7,40,0.5,0.2,fixed,1000,1000,1000,988,1,,780,1718,0.683396736999839
32,iterative,auto,warm,1,,True,0.1,8,40,0.5,0.2,fixed,1000,1000,1000,963,1,,780,1755,0.7641329640000549
32,iterative,auto,warm,1,,True,0.1,9,40,0.5,0.2,fixed,1000,1000,109,531,1,,780,1333,0.6055674839999483
32,iterative,auto,warm,1,,True,0.1,10,40,0.5,0.2,fixed,1000,1000,394,167,1,,780,1560,0.7456125460000749
32,iterative,auto,warm,1,,True,0.1,11,40,0.5,0.2,fixed,1000,1000,147,119,1,,780,1588,0.8049056439999731
32,iterative,auto,warm,1,,True,0.1,12,40,0.5,0.2,fixed,1000,1000,139,427,1,,780,1300,0.6111537389999739
32,iterative,auto,warm,1,,True,0.1,13,40,0.5,0.2,fixed,1000,1000,362,101,1,,780,1561,0.6967241879999619
32,iterative,auto,warm,1,,True,0.1,14,40,0.5,0.2,fixed,1000,1000,221,463,1,,780,1319,0.6437867849999748
32,iterative,auto,warm,1,,True,0.1,15,40,0.5,0.2,fixed,1000,1000,221,102,1,,780,1438,0.6515937079998366
32,iterative,auto,warm,1,,True,0.1,16,40,0.5,0.2,fixed,1000,1000,301,336,1,,780,1403,0.6750115209999876
32,iterative,auto,warm,1,,True,0.1,17,40,0.5,0.2,fixed,1000,1000,148,83,1,,780,1468,0.7270840579999458
32,iterative,auto,warm,1,,True,0.1,18,40,0.5,0.2,fixed,1000,1000,207,407,1,,780,1268,0.5819840980000208
32,iterative,auto,warm,1,,True,0.1,19,40,0.5,0.2,fixed,1000,1000,448,235,1,,780,1481,0.6711777170000914
32,iterative,auto,warm,1,,True,0.1,20,40,0.5,0.2,fixed,1000,1000,360,138,1,,780,1703,0.7778813150000587
32,iterative,auto,warm,1,,True,0.1,21,40,0.5,0.2,fixed,1000,1000,154,649,1,,780,1208,0.6176055359999282
32,iterative,auto,warm,1,,True,0.1,22,40,0.5,0.2,fixed,1000,1000,544,262,1,,780,1490,0.6773731480000151
32,iterative,auto,warm,1,,True,0.1,23,40,0.5,0.2,fixed,1000,1000,316,456,1,,780,1350,0.009792817000061405
32,iterative,auto,warm,1,,True,0.1,24,40,0.5,0.2,fixed,1000,1000,74,55,1,,780,1369,0.5911604319999242
32,iterative,auto,warm,1,,True,0.1,25,40,0.5,0.2,fixed,1000,1000,214,87,1,,780,1496,0.689759734999825
32,iterative,auto,warm,1,,True,0.1,26,40,0.5,0.2,fixed,1000,1000,270,486,1,,780,1280,0.5660362690000511
32,iterative,auto,warm,1,,True,0.1,27,40,0.5,0.2,fixed,1000,1000,251,90,1,,780,1441,0.011574001000099088
32,iterative,auto,warm,1,,True,0.1,28,40,0.5,0.2,fixed,1000,1000,194,443,1,,780,1192,0.556469775000096
32,iterative,auto,warm,1,,True,0.1,29,40,0.5,0.2,fixed,1000,1000,461,125,1,,780,1528,0.011418080999874292
32,iterative,auto,warm,1,,True,0.1,30,40,0.5,0.2,fixed,1000,1000,129,465,1,,780,1192,0.5418116849998569
32,iterative,auto,warm,1,,True,0.1,31,40,0.5,0.2,fixed,1000,1000,219,58,1,,780,1353,0.6126248180000857
32,iterative,auto,warm,1,,True,0.1,32,40,0.5,0.2,fixed,1000,1000,356,110,1,,780,1599,0.6980921070000932
32,iterative,auto,warm,1,,True,0.1,33,40,0.5,0.2,fixed,1000,1000,209,615,1,,780,1193,0.6057287749999887
32,iterative,auto,warm,1,,True,0.1,34,40,0.5,0.2,fixed,1000,1000,146,54,1,,780,1285,0.6157330400001229
32,iterative,auto,warm,1,,True,0.1,35,40,0.5,0.2,fixed,1000,1000,74,48,1,,780,1311,0.6081467340000017
32,iterative,auto,warm,1,,True,0.1,36,40,0.5,0.2,fixed,1000,1000,207,342,1,,780,1176,0.007368044000031659
32,iterative,auto,warm,1,,True,0.1,37,40,0.5,0.2,fixed,1000,1000,74,34,1,,780,1216,0.5464059319999706
32,iterative,auto,warm,1,,True,0.1,38,40,0.5,0.2,fixed,1000,1000,395,83,1,,780,1528,0.6288202639998417
32,iterative,auto,warm,1,,True,0.1,39,40,0.5,0.2,fixed,1000,1000,74,50,1,,780,1552,0.0082665109998743
32,iterative,auto,warm,1,,True,0.1,40,40,0.5,0.2,fixed,1000,1000,196,574,1,,780,1174,0.009621773000162648
32,iterative,auto,warm,1,,True,0.1,41,40,0.5,0.2,fixed,1000,1000,31,72,1,,780,1133,0.007055710000031468
32,iterative,auto,warm,1,,True,0.3,0,40,0.5,0.2,fixed,1000,100,100,15,1,,780,101,0.0036939730000540294
32,iterative,auto,warm,1,,True,0.3,1,40,0.5,0.2,fixed,1000,1000,1000,64,1,,780,1037,0.09328555699994467
32,iterative,auto,warm,1,,True,0.3,2,40,0.5,0.2,fixed,1000,1000,1000,564,1,,780,1473,0.41049090600017735
32,iterative,auto,warm,1,,True,0.3,3,40,0.5,0.2,fixed,1000,1000,1000,838,1,,780,1635,0.5203052410001874
32,iterative,auto,warm,1,,True,0.3,4,40,0.5,0.2,fixed,1000,1000,1000,955,1,,780,1680,0.48420287400017514
32,iterative,auto,warm,1,,True,0.3,5,40,0.5,0.2,fixed,1000,1000,349,359,1,,780,1670,0.6421146449999924
32,iterative,auto,warm,1,,True,0.3,6,40,0.5,0.2,fixed,1000,1000,1000,970,1,,780,1700,0.66082669299999
32,iterative,auto,warm,1,,True,0.3,7,40,0.5,0.2,fixed,1000,1000,1000,945,1,,780,1755,0.7561188209999727
32,iterative,auto,warm,1,,True,0.3,8,40,0.5,0.2,fixed,1000,1000,40,534,1,,780,1261,0.604355207000026
32,iterative,auto,warm,1,,True,0.3,9,40,0.5,0.2,fixed,1000,1000,84,164,1,,780,1181,0.5481120049998935
32,iterative,auto,warm,1,,True,0.3,10,40,0.5,0.2,fixed,1000,1000,148,116,1,,780,1213,0.5431660669999019
32,iterative,auto,warm,1,,True,0.3,11,40,0.5,0.2,fixed,1000,1000,148,140,1,,780,1221,0.5139008390001436
32,iterative,auto,warm,1,,True,0.3,12,40,0.5,0.2,fixed,1000,1000,413,308,1,,780,1326,0.5954322799998408
32,iterative,auto,warm,1,,True,0.3,13,40,0.5,0.2,fixed,1000,1000,544,421,1,,780,1449,0.6813728580000316
32,iterative,auto,warm,1,,True,0.3,14,40,0.5,0.2,fixed,1000,1000,218,224,1,,780,1443,0.6159694870000294
32,iterative,auto,warm,1,,True,0.3,15,40,0.5,0.2,fixed,1000,1000,148,204,1,,780,1387,0.6373943030000646
32,iterative,auto,warm,1,,True,0.3,16,40,0.5,0.2,fixed,1000,1000,74,163,1,,780,1298,0.6116538310000124
32,iterative,auto,warm,1,,True,0.3,17,40,0.5,0.2,fixed,1000,1000,185,116,1,,780,1367,0.6107310559998496
32,iterative,auto,warm,1,,True,0.3,18,40,0.5,0.2,fixed,1000,1000,295,483,1,,780,1179,0.5844671820000258
32,iterative,auto,warm,1,,True,0.3,19,40,0.5,0.2,fixed,1000,1000,222,104,1,,780,1297,0.6103415530001257
32,iterative,auto,warm,1,,True,0.3,20,40,0.5,0.2,fixed,1000,1000,74,112,1,,780,1259,0.5202405279999311
32,iterative,auto,warm,1,,True,0.3,21,40,0.5,0.2,fixed,1000,1000,228,356,1,,780,1131,0.5714151029999357
32,iterative,auto,warm,1,,True,0.3,22,40,0.5,0.2,fixed,1000,1000,222,64,1,,780,1289,0.6194812060000459
32,iterative,auto,warm,1,,True,0.3,23,40,0.5,0.2,fixed,1000,1000,144,81,1,,780,1352,0.6361865839999155
32,iterative,auto,warm,1,,True,0.3,24,40,0.5,0.2,fixed,1000,1000,74,61,1,,780,1365,0.65064680699993
32,iterative,auto,warm,1,,True,0.3,25,40,0.5,0.2,fixed,1000,1000,137,397,1,,780,1105,0.5799574550001125
32,iterative,auto,warm,1,,True,0.3,26,40,0.5,0.2,fixed,1000,1000,218,67,1,,780,1256,0.5801959929999612
32,iterative,auto,warm,1,,True,0.3,27,40,0.5,0.2,fixed,1000,1000,74,52,1,,780,1278,0.6036092780000217
32,iterative,auto,warm,1,,True,0.3,28,40,0.5,0.2,fixed,1000,1000,176,347,1,,780,1107,0.49292279800010874
32,iterative,auto,warm,1,,True,0.3,29,40,0.5,0.2,fixed,1000,1000,74,26,1,,780,1155,0.5777560839999296
32,iterative,auto,warm,1,,True,0.3,30,40,0.5,0.2,fixed,1000,1000,74,33,1,,780,1196,0.5259485689998655
32,iterative,auto,warm,1,,True,0.3,31,40,0.5,0.2,fixed,1000,1000,246,285,1,,780,1157,0.5382458479998604
32,iterative,auto,warm,1,,True,0.3,32,40,0.5,0.2,fixed,1000,1000,410,263,1,,780,1304,0.017171129999951518
32,iterative,auto,warm,1,,True,0.3,33,40,0.5,0.2,fixed,1000,1000,468,301,1,,780,1471,0.7152493129999584
32,iterative,auto,warm,1,,True,0.3,34,40,0.5,0.2,fixed,1000,1000,148,86,1,,780,1533,0.00980762699987281
32,iterative,auto,warm,1,,True,0.3,35,40,0.5,0.2,fixed,1000,1000,170,493,1,,780,1210,0.0077517619999980525
32,iterative,auto,warm,1,,True,0.3,36,40,0.5,0.2,fixed,1000,1000,144,34,1,,780,1320,0.009567973000002894
32,iterative,auto,warm,1,,True,0.3,37,40,0.5,0.2,fixed,1000,1000,140,63,1,,780,1397,0.6660087870000098
32,iterative,auto,warm,1,,True,0.3,38,40,0.5,0.2,fixed,1000,1000,290,93,1,,780,1594,0.010625205999986065
32,iterative,auto,warm,1,,True,0.3,39,40,0.5,0.2,fixed,1000,1000,100,507,1,,780,1187,0.008652183999856788
