solve_id,solve_type,method,warm_start,min_search_proportion,threshold_proportion,remove_constraints,zero_slack_likelihood,sub_solve_id,n,p,q,cut_type,cut_value,cuts_sought,cuts_added,cuts_removed,search_proportion_used,current_threshold,variables,constraints,cpu_time,dual_0_constraints,dual_0_with_slack,dual_0_no_slack
6,iterative,auto,warm,1,,False,0,0,50,0.5,0.2,fixed,1000,100,100,0,1,,1225,101,0.0037614839999946525,0,0,0
6,iterative,auto,warm,1,,False,0,1,50,0.5,0.2,fixed,1000,1000,1000,0,1,,1225,1101,0.051083770000047934,0,0,0
6,iterative,auto,warm,1,,False,0,2,50,0.5,0.2,fixed,1000,1000,1000,0,1,,1225,2101,1.473192804000007,0,0,0
6,iterative,auto,warm,1,,False,0,3,50,0.5,0.2,fixed,1000,1000,1000,0,1,,1225,3101,3.7435950219999654,0,0,0
6,iterative,auto,warm,1,,False,0,4,50,0.5,0.2,fixed,1000,1000,1000,0,1,,1225,4101,1.2861151209999662,0,0,0
6,iterative,auto,warm,1,,True,0,0,50,0.5,0.2,fixed,1000,100,100,0,1,,1225,101,0.003743829999962145,0,0,0
6,iterative,auto,warm,1,,True,0,1,50,0.5,0.2,fixed,1000,1000,1000,81,1,,1225,1020,0.03494451000005938,100,81,19
6,iterative,auto,warm,1,,True,0,2,50,0.5,0.2,fixed,1000,1000,1000,308,1,,1225,1712,0.5140269150000449,571,308,263
6,iterative,auto,warm,1,,True,0,3,50,0.5,0.2,fixed,1000,1000,1000,817,1,,1225,1895,1.0635900219999712,890,817,73
6,iterative,auto,warm,1,,True,0,4,50,0.5,0.2,fixed,1000,1000,1000,854,1,,1225,2041,1.134706387000051,903,854,49
6,iterative,auto,warm,1,,True,0,5,50,0.5,0.2,fixed,1000,1000,1000,944,1,,1225,2097,1.0058229769999798,976,944,32
6,iterative,auto,warm,1,,True,0,6,50,0.5,0.2,fixed,1000,1000,1000,951,1,,1225,2146,0.8726781340000116,979,951,28
6,iterative,auto,warm,1,,True,0,7,50,0.5,0.2,fixed,1000,1000,1000,971,1,,1225,2175,0.7851459519999935,989,971,18
6,iterative,auto,warm,1,,True,0,8,50,0.5,0.2,fixed,1000,1000,1000,990,1,,1225,2185,0.48984053800006677,1005,990,15
6,iterative,auto,warm,1,,True,0,9,50,0.5,0.2,fixed,1000,1000,94,15,1,,1225,2264,0.011100449999958073,1012,15,997
6,iterative,auto,warm,1,,True,0.1,0,50,0.5,0.2,fixed,1000,100,100,0,1,,1225,101,0.0038450409999768453,0,0,0
6,iterative,auto,warm,1,,True,0.1,1,50,0.5,0.2,fixed,1000,1000,1000,84,1,,1225,1017,0.039749843999970835,100,84,16
6,iterative,auto,warm,1,,True,0.1,2,50,0.5,0.2,fixed,1000,1000,1000,334,1,,1225,1683,0.38708127300003525,570,311,259
6,iterative,auto,warm,1,,True,0.1,3,50,0.5,0.2,fixed,1000,1000,1000,817,1,,1225,1866,0.9188958780000576,901,805,96
6,iterative,auto,warm,1,,True,0.1,4,50,0.5,0.2,fixed,1000,1000,1000,860,1,,1225,2006,1.3934873319999497,897,858,39
6,iterative,auto,warm,1,,True,0.1,5,50,0.5,0.2,fixed,1000,1000,1000,919,1,,1225,2087,1.7771708630000376,948,916,32
6,iterative,auto,warm,1,,True,0.1,6,50,0.5,0.2,fixed,1000,1000,1000,957,1,,1225,2130,1.9497927070000287,984,954,30
6,iterative,auto,warm,1,,True,0.1,7,50,0.5,0.2,fixed,1000,1000,1000,982,1,,1225,2148,1.9355669600000738,1031,974,57
6,iterative,auto,warm,1,,True,0.1,8,50,0.5,0.2,fixed,1000,1000,1000,987,1,,1225,2161,2.015267298000026,1012,983,29
6,iterative,auto,warm,1,,True,0.1,9,50,0.5,0.2,fixed,1000,1000,1000,978,1,,1225,2183,1.586992495000004,996,976,20
6,iterative,auto,warm,1,,True,0.1,10,50,0.5,0.2,fixed,1000,1000,188,113,1,,1225,2258,0.013790182999969147,1041,14,1027
6,iterative,auto,warm,1,,True,0.3,0,50,0.5,0.2,fixed,1000,100,100,136,1,,1225,101,0.003854735000004439,0,0,0
6,iterative,auto,warm,1,,True,0.3,1,50,0.5,0.2,fixed,1000,1000,1000,90,1,,1225,1011,0.043911497999943094,100,85,15
6,iterative,auto,warm,1,,True,0.3,2,50,0.5,0.2,fixed,1000,1000,1000,380,1,,1225,1631,0.382299517999968,591,290,301
6,iterative,auto,warm,1,,True,0.3,3,50,0.5,0.2,fixed,1000,1000,1000,796,1,,1225,1835,0.8268348069999547,868,765,103
6,iterative,auto,warm,1,,True,0.3,4,50,0.5,0.2,fixed,1000,1000,1000,861,1,,1225,1974,1.2709818590000168,893,846,47
6,iterative,auto,warm,1,,True,0.3,5,50,0.5,0.2,fixed,1000,1000,1000,929,1,,1225,2045,1.6760464499999443,957,908,49
6,iterative,auto,warm,1,,True,0.3,6,50,0.5,0.2,fixed,1000,1000,1000,927,1,,1225,2118,1.777913822999949,945,919,26
6,iterative,auto,warm,1,,True,0.3,7,50,0.5,0.2,fixed,1000,1000,1000,970,1,,1225,2148,1.961544746999948,1000,954,46
6,iterative,auto,warm,1,,True,0.3,8,50,0.5,0.2,fixed,1000,1000,1000,992,1,,1225,2156,2.077498863999949,1014,986,28
6,iterative,auto,warm,1,,True,0.3,9,50,0.5,0.2,fixed,1000,1000,1000,979,1,,1225,2177,1.7310975200000485,996,974,22
6,iterative,auto,warm,1,,True,0.3,10,50,0.5,0.2,fixed,1000,1000,94,325,1,,1225,1946,1.423012330000006,1030,17,1013
6,iterative,auto,warm,1,,True,0.3,11,50,0.5,0.2,fixed,1000,1000,360,244,1,,1225,2062,1.502555378000011,812,17,795
6,iterative,auto,warm,1,,True,0.3,12,50,0.5,0.2,fixed,1000,1000,94,260,1,,1225,1896,1.325084527999934,930,4,926
6,iterative,auto,warm,1,,True,0.3,13,50,0.5,0.2,fixed,1000,1000,94,217,1,,1225,1773,1.2587641500000473,775,3,772
6,iterative,auto,warm,1,,True,0.3,14,50,0.5,0.2,fixed,1000,1000,188,185,1,,1225,1776,1.0697267909999937,649,1,648
6,iterative,auto,warm,1,,True,0.3,15,50,0.5,0.2,fixed,1000,1000,278,199,1,,1225,1855,1.0965576910000436,647,12,635
6,iterative,auto,warm,1,,True,0.3,16,50,0.5,0.2,fixed,1000,1000,94,195,1,,1225,1754,1.1067011740000225,737,3,734
6,iterative,auto,warm,1,,True,0.3,17,50,0.5,0.2,fixed,1000,1000,94,204,1,,1225,1644,1.0661501390000012,640,2,638
6,iterative,auto,warm,1,,True,0.3,18,50,0.5,0.2,fixed,1000,1000,94,147,1,,1225,1591,1.0142487989999154,533,2,531
