solve_id,solve_type,method,warm_start,min_search_proportion,threshold_proportion,remove_constraints,zero_slack_likelihood,sub_solve_id,n,p,q,cut_type,cut_value,cuts_sought,cuts_added,cuts_removed,search_proportion_used,current_threshold,variables,constraints,cpu_time
36,once,auto,cold,1,,False,0,0,60,0.5,0.2,fixed,1000,136880,136880,0,1,,1770,136881,56.97362777200033
36,iterative,auto,warm,1,,False,0,0,60,0.5,0.2,fixed,1000,100,100,0,1,,1770,101,0.0044796860001952155
36,iterative,auto,warm,1,,False,0,1,60,0.5,0.2,fixed,1000,1000,1000,0,1,,1770,1101,0.025744785998540465
36,iterative,auto,warm,1,,False,0,2,60,0.5,0.2,fixed,1000,1000,1000,0,1,,1770,2101,0.6670396320005239
36,iterative,auto,warm,1,,False,0,3,60,0.5,0.2,fixed,1000,1000,1000,0,1,,1770,3101,4.418002809999962
36,iterative,auto,warm,1,,False,0,4,60,0.5,0.2,fixed,1000,1000,1000,0,1,,1770,4101,8.811033628000587
36,iterative,auto,warm,1,,False,0,5,60,0.5,0.2,fixed,1000,1000,1000,0,1,,1770,5101,8.191437425000913
36,iterative,auto,warm,1,,False,0,6,60,0.5,0.2,fixed,1000,1000,446,0,1,,1770,5547,4.028839591999713
36,iterative,auto,warm,1,,False,0,7,60,0.5,0.2,fixed,1000,1000,1000,0,1,,1770,6547,0.7011500339995109
36,iterative,auto,warm,1,,True,0,0,60,0.5,0.2,fixed,1000,100,100,0,1,,1770,101,0.0045459929988282965
36,iterative,auto,warm,1,,True,0,1,60,0.5,0.2,fixed,1000,1000,1000,89,1,,1770,1012,0.02401975100110576
36,iterative,auto,warm,1,,True,0,2,60,0.5,0.2,fixed,1000,1000,1000,238,1,,1770,1774,0.2790052979999018
36,iterative,auto,warm,1,,True,0,3,60,0.5,0.2,fixed,1000,1000,1000,669,1,,1770,2105,1.0216054539996549
36,iterative,auto,warm,1,,True,0,4,60,0.5,0.2,fixed,1000,1000,1000,804,1,,1770,2301,1.8298894119998295
36,iterative,auto,warm,1,,True,0,5,60,0.5,0.2,fixed,1000,1000,1000,868,1,,1770,2433,2.2186973890002264
36,iterative,auto,warm,1,,True,0,6,60,0.5,0.2,fixed,1000,1000,1000,893,1,,1770,2540,2.231994518000647
36,iterative,auto,warm,1,,True,0,7,60,0.5,0.2,fixed,1000,1000,1000,958,1,,1770,2582,2.2935503680000693
36,iterative,auto,warm,1,,True,0,8,60,0.5,0.2,fixed,1000,1000,1000,939,1,,1770,2643,1.981493295999826
36,iterative,auto,warm,1,,True,0,9,60,0.5,0.2,fixed,1000,1000,1000,988,1,,1770,2655,1.6665050179999525
36,iterative,auto,warm,1,,True,0,10,60,0.5,0.2,fixed,1000,1000,1000,1001,1,,1770,2654,0.9458137480014557
36,iterative,auto,warm,1,,True,0,11,60,0.5,0.2,fixed,1000,1000,1000,975,1,,1770,2679,0.9603480819987453
36,iterative,auto,warm,1,,True,0,12,60,0.5,0.2,fixed,1000,1000,1000,964,1,,1770,2715,0.8334142909989168
36,iterative,auto,warm,1,,True,0,13,60,0.5,0.2,fixed,1000,1000,1000,955,1,,1770,2760,0.502416555000309
36,iterative,auto,warm,1,,True,0,14,60,0.5,0.2,fixed,1000,1000,1000,992,1,,1770,2768,0.24552524400132825
36,iterative,auto,warm,1,,True,0,15,60,0.5,0.2,fixed,1000,1000,1000,1005,1,,1770,2763,0.25302443399959884
36,iterative,auto,warm,1,,True,0,16,60,0.5,0.2,fixed,1000,1000,1000,989,1,,1770,2774,0.18770678199871327
36,iterative,auto,warm,1,,True,0,17,60,0.5,0.2,fixed,1000,1000,1000,1000,1,,1770,2774,0.04146785900047689
36,iterative,auto,warm,1,,True,0.1,0,60,0.5,0.2,fixed,1000,100,100,48,1,,1770,101,0.004619332999936887
36,iterative,auto,warm,1,,True,0.1,1,60,0.5,0.2,fixed,1000,1000,1000,90,1,,1770,1011,0.025129738000032376
36,iterative,auto,warm,1,,True,0.1,2,60,0.5,0.2,fixed,1000,1000,1000,289,1,,1770,1722,0.29380709399993066
36,iterative,auto,warm,1,,True,0.1,3,60,0.5,0.2,fixed,1000,1000,1000,654,1,,1770,2068,0.9163730330001272
36,iterative,auto,warm,1,,True,0.1,4,60,0.5,0.2,fixed,1000,1000,1000,782,1,,1770,2286,1.69010546500067
36,iterative,auto,warm,1,,True,0.1,5,60,0.5,0.2,fixed,1000,1000,1000,872,1,,1770,2414,2.51529727200068
36,iterative,auto,warm,1,,True,0.1,6,60,0.5,0.2,fixed,1000,1000,1000,916,1,,1770,2498,3.2179471980016388
36,iterative,auto,warm,1,,True,0.1,7,60,0.5,0.2,fixed,1000,1000,1000,917,1,,1770,2581,3.8171045319995756
36,iterative,auto,warm,1,,True,0.1,8,60,0.5,0.2,fixed,1000,1000,1000,958,1,,1770,2623,4.10828012499951
36,iterative,auto,warm,1,,True,0.1,9,60,0.5,0.2,fixed,1000,1000,1000,971,1,,1770,2652,4.239154188999237
36,iterative,auto,warm,1,,True,0.1,10,60,0.5,0.2,fixed,1000,1000,1000,991,1,,1770,2661,3.7811793479995686
36,iterative,auto,warm,1,,True,0.1,11,60,0.5,0.2,fixed,1000,1000,1000,977,1,,1770,2684,4.063435739000852
36,iterative,auto,warm,1,,True,0.1,12,60,0.5,0.2,fixed,1000,1000,1000,1005,1,,1770,2679,4.088061865000782
36,iterative,auto,warm,1,,True,0.1,13,60,0.5,0.2,fixed,1000,1000,1000,943,1,,1770,2736,4.573999729000207
36,iterative,auto,warm,1,,True,0.1,14,60,0.5,0.2,fixed,1000,1000,1000,976,1,,1770,2760,4.695907041001192
36,iterative,auto,warm,1,,True,0.1,15,60,0.5,0.2,fixed,1000,1000,1000,1009,1,,1770,2751,4.44098252600088
36,iterative,auto,warm,1,,True,0.1,16,60,0.5,0.2,fixed,1000,1000,1000,994,1,,1770,2757,4.495156417000544
36,iterative,auto,warm,1,,True,0.1,17,60,0.5,0.2,fixed,1000,1000,1000,995,1,,1770,2762,4.249647272999937
36,iterative,auto,warm,1,,True,0.1,18,60,0.5,0.2,fixed,1000,1000,1000,997,1,,1770,2765,4.632815181999831
36,iterative,auto,warm,1,,True,0.1,19,60,0.5,0.2,fixed,1000,1000,1000,1002,1,,1770,2763,4.15384822499982
36,iterative,auto,warm,1,,True,0.1,20,60,0.5,0.2,fixed,1000,1000,199,417,1,,1770,2545,4.119188681999731
36,iterative,auto,warm,1,,True,0.1,21,60,0.5,0.2,fixed,1000,1000,301,208,1,,1770,2638,4.05758345600043
36,iterative,auto,warm,1,,True,0.1,22,60,0.5,0.2,fixed,1000,1000,217,349,1,,1770,2506,3.8663387249998777
36,iterative,auto,warm,1,,True,0.1,23,60,0.5,0.2,fixed,1000,1000,615,232,1,,1770,2889,0.023931861998789827
36,iterative,auto,warm,1,,True,0.3,0,60,0.5,0.2,fixed,1000,100,100,501,1,,1770,101,0.004752810000354657
36,iterative,auto,warm,1,,True,0.3,1,60,0.5,0.2,fixed,1000,1000,1000,88,1,,1770,1013,0.022171057999003096
36,iterative,auto,warm,1,,True,0.3,2,60,0.5,0.2,fixed,1000,1000,1000,364,1,,1770,1649,0.2358111280009325
36,iterative,auto,warm,1,,True,0.3,3,60,0.5,0.2,fixed,1000,1000,1000,631,1,,1770,2018,0.6132987849996425
36,iterative,auto,warm,1,,True,0.3,4,60,0.5,0.2,fixed,1000,1000,1000,798,1,,1770,2220,1.257329075000598
36,iterative,auto,warm,1,,True,0.3,5,60,0.5,0.2,fixed,1000,1000,1000,882,1,,1770,2338,2.3135207330014964
36,iterative,auto,warm,1,,True,0.3,6,60,0.5,0.2,fixed,1000,1000,1000,875,1,,1770,2463,2.9727363910005806
36,iterative,auto,warm,1,,True,0.3,7,60,0.5,0.2,fixed,1000,1000,1000,907,1,,1770,2556,3.564225598000121
36,iterative,auto,warm,1,,True,0.3,8,60,0.5,0.2,fixed,1000,1000,1000,940,1,,1770,2616,3.557224270000006
36,iterative,auto,warm,1,,True,0.3,9,60,0.5,0.2,fixed,1000,1000,1000,989,1,,1770,2627,3.8498566870002833
36,iterative,auto,warm,1,,True,0.3,10,60,0.5,0.2,fixed,1000,1000,1000,976,1,,1770,2651,3.7750179569993634
36,iterative,auto,warm,1,,True,0.3,11,60,0.5,0.2,fixed,1000,1000,1000,1007,1,,1770,2644,3.388651232000484
36,iterative,auto,warm,1,,True,0.3,12,60,0.5,0.2,fixed,1000,1000,1000,994,1,,1770,2650,3.1941071239998564
36,iterative,auto,warm,1,,True,0.3,13,60,0.5,0.2,fixed,1000,1000,1000,1007,1,,1770,2643,3.507223698999951
36,iterative,auto,warm,1,,True,0.3,14,60,0.5,0.2,fixed,1000,1000,1000,963,1,,1770,2680,3.993075749000127
36,iterative,auto,warm,1,,True,0.3,15,60,0.5,0.2,fixed,1000,1000,1000,968,1,,1770,2712,4.43440034699961
36,iterative,auto,warm,1,,True,0.3,16,60,0.5,0.2,fixed,1000,1000,1000,964,1,,1770,2748,4.363620021000315
36,iterative,auto,warm,1,,True,0.3,17,60,0.5,0.2,fixed,1000,1000,1000,983,1,,1770,2765,4.914959832000022
36,iterative,auto,warm,1,,True,0.3,18,60,0.5,0.2,fixed,1000,1000,1000,1003,1,,1770,2762,4.612159608999718
36,iterative,auto,warm,1,,True,0.3,19,60,0.5,0.2,fixed,1000,1000,1000,996,1,,1770,2766,4.042003814000054
36,iterative,auto,warm,1,,True,0.3,20,60,0.5,0.2,fixed,1000,1000,1000,1009,1,,1770,2757,4.818256393999036
36,iterative,auto,warm,1,,True,0.3,21,60,0.5,0.2,fixed,1000,1000,287,510,1,,1770,2534,4.273004860000583
36,iterative,auto,warm,1,,True,0.3,22,60,0.5,0.2,fixed,1000,1000,195,387,1,,1770,2342,0.025907000999723095
