solve_id,solve_type,method,warm_start,min_search_proportion,threshold_proportion,remove_constraints,sub_solve_id,n,p,q,cut_type,cut_value,cuts_sought,cuts_added,cuts_removed,search_proportion_used,current_threshold,variables,constraints,cpu_time
13,iterative,auto,warm,1,,True,0,130,0.5,0.2,fixed,1000,100,100,0,1,,8385,101,0.01638330199784832
13,iterative,auto,warm,1,,True,1,130,0.5,0.2,fixed,1000,1000,1000,100,1,,8385,1001,0.049140609000460245
13,iterative,auto,warm,1,,True,2,130,0.5,0.2,fixed,1000,1000,1000,1000,1,,8385,1001,0.03337391699460568
13,iterative,auto,warm,1,,True,3,130,0.5,0.2,fixed,1000,1000,1000,1000,1,,8385,1001,0.06480863500473788
13,iterative,auto,warm,1,,True,4,130,0.5,0.2,fixed,1000,1000,1000,509,1,,8385,1492,0.051831995995598845
13,iterative,auto,warm,1,,True,5,130,0.5,0.2,fixed,1000,1000,1000,750,1,,8385,1742,0.07103545199788641
13,iterative,auto,warm,1,,True,6,130,0.5,0.2,fixed,1000,1000,1000,557,1,,8385,2185,0.10172997200425016
13,iterative,auto,warm,1,,True,7,130,0.5,0.2,fixed,1000,1000,1000,354,1,,8385,2831,0.1365428819990484
13,iterative,auto,warm,1,,True,8,130,0.5,0.2,fixed,1000,1000,1000,413,1,,8385,3418,0.2276629080006387
13,iterative,auto,warm,1,,True,9,130,0.5,0.2,fixed,1000,1000,1000,614,1,,8385,3804,0.25624811300076544
13,iterative,auto,warm,1,,True,10,130,0.5,0.2,fixed,1000,1000,1000,681,1,,8385,4123,0.35671002799790585
13,iterative,auto,warm,1,,True,11,130,0.5,0.2,fixed,1000,1000,1000,790,1,,8385,4333,0.4001579079995281
13,iterative,auto,warm,1,,True,12,130,0.5,0.2,fixed,1000,1000,1000,834,1,,8385,4499,0.38745676899998216
13,iterative,auto,warm,1,,True,13,130,0.5,0.2,fixed,1000,1000,1000,843,1,,8385,4656,0.5790678260018467
13,iterative,auto,warm,1,,True,14,130,0.5,0.2,fixed,1000,1000,1000,845,1,,8385,4811,0.5943575229975977
13,iterative,auto,warm,1,,True,15,130,0.5,0.2,fixed,1000,1000,1000,927,1,,8385,4884,0.6958585859974846
13,iterative,auto,warm,1,,True,16,130,0.5,0.2,fixed,1000,1000,1000,814,1,,8385,5070,1.3763024129948462
13,iterative,auto,warm,1,,True,17,130,0.5,0.2,fixed,1000,1000,1000,849,1,,8385,5221,1.78386699299881
13,iterative,auto,warm,1,,True,18,130,0.5,0.2,fixed,1000,1000,1000,804,1,,8385,5417,2.49932299899956
13,iterative,auto,warm,1,,True,19,130,0.5,0.2,fixed,1000,1000,1000,920,1,,8385,5497,3.527742963997298
13,iterative,auto,warm,1,,True,20,130,0.5,0.2,fixed,1000,1000,1000,864,1,,8385,5633,4.5881176850016345
13,iterative,auto,warm,1,,True,21,130,0.5,0.2,fixed,1000,1000,1000,874,1,,8385,5759,7.215542096993886
13,iterative,auto,warm,1,,True,22,130,0.5,0.2,fixed,1000,1000,1000,841,1,,8385,5918,9.008539178001229
13,iterative,auto,warm,1,,True,23,130,0.5,0.2,fixed,1000,1000,1000,873,1,,8385,6045,11.332355477003148
13,iterative,auto,warm,1,,True,24,130,0.5,0.2,fixed,1000,1000,1000,864,1,,8385,6181,15.049606195003435
13,iterative,auto,warm,1,,True,25,130,0.5,0.2,fixed,1000,1000,1000,880,1,,8385,6301,16.281026170996483
13,iterative,auto,warm,1,,True,26,130,0.5,0.2,fixed,1000,1000,1000,846,1,,8385,6455,21.240431363003154
13,iterative,auto,warm,1,,True,27,130,0.5,0.2,fixed,1000,1000,1000,816,1,,8385,6639,26.287290173997462
13,iterative,auto,warm,1,,True,28,130,0.5,0.2,fixed,1000,1000,1000,853,1,,8385,6786,36.586803147001774
13,iterative,auto,warm,1,,True,29,130,0.5,0.2,fixed,1000,1000,1000,815,1,,8385,6971,45.20663084900298
13,iterative,auto,warm,1,,True,30,130,0.5,0.2,fixed,1000,1000,1000,847,1,,8385,7124,50.35073581599863
13,iterative,auto,warm,1,,True,31,130,0.5,0.2,fixed,1000,1000,1000,826,1,,8385,7298,65.08869694700115
13,iterative,auto,warm,1,,True,32,130,0.5,0.2,fixed,1000,1000,1000,876,1,,8385,7422,65.02431920100207
13,iterative,auto,warm,1,,True,33,130,0.5,0.2,fixed,1000,1000,1000,838,1,,8385,7584,75.6694781979968
13,iterative,auto,warm,1,,True,34,130,0.5,0.2,fixed,1000,1000,1000,893,1,,8385,7691,75.56748567199975
13,iterative,auto,warm,1,,True,35,130,0.5,0.2,fixed,1000,1000,1000,907,1,,8385,7784,79.61280858900136
13,iterative,auto,warm,1,,True,36,130,0.5,0.2,fixed,1000,1000,1000,917,1,,8385,7867,86.788229588994
13,iterative,auto,warm,1,,True,37,130,0.5,0.2,fixed,1000,1000,1000,887,1,,8385,7980,91.30906409199815
13,iterative,auto,warm,1,,True,38,130,0.5,0.2,fixed,1000,1000,1000,937,1,,8385,8043,86.01524515500205
13,iterative,auto,warm,1,,True,39,130,0.5,0.2,fixed,1000,1000,1000,928,1,,8385,8115,102.05747135000274
13,iterative,auto,warm,1,,True,40,130,0.5,0.2,fixed,1000,1000,1000,950,1,,8385,8165,91.88792830499733
13,iterative,auto,warm,1,,True,41,130,0.5,0.2,fixed,1000,1000,1000,931,1,,8385,8234,97.8650690640061
13,iterative,auto,warm,1,,True,42,130,0.5,0.2,fixed,1000,1000,1000,915,1,,8385,8319,114.27728395200393
13,iterative,auto,warm,1,,True,43,130,0.5,0.2,fixed,1000,1000,1000,971,1,,8385,8348,108.96863827700145
13,iterative,auto,warm,1,,True,44,130,0.5,0.2,fixed,1000,1000,1000,1003,1,,8385,8345,110.127752512999
13,iterative,auto,warm,1,,True,45,130,0.5,0.2,fixed,1000,1000,1000,951,1,,8385,8394,123.87029135099874
13,iterative,auto,warm,1,,True,46,130,0.5,0.2,fixed,1000,1000,1000,1001,1,,8385,8393,124.51277717199991
13,iterative,auto,warm,1,,True,47,130,0.5,0.2,fixed,1000,1000,1000,971,1,,8385,8422,137.06316491199686
13,iterative,auto,warm,1,,True,48,130,0.5,0.2,fixed,1000,1000,1000,1011,1,,8385,8411,156.1284291539996
13,iterative,auto,warm,1,,True,49,130,0.5,0.2,fixed,1000,1000,1000,1020,1,,8385,8391,159.87492423300137
13,iterative,auto,warm,1,,True,50,130,0.5,0.2,fixed,1000,1000,1000,981,1,,8385,8410,154.4478159729988
13,iterative,auto,warm,1,,True,51,130,0.5,0.2,fixed,1000,1000,1000,1020,1,,8385,8390,156.77020141499816
13,iterative,auto,warm,1,,True,52,130,0.5,0.2,fixed,1000,1000,1000,999,1,,8385,8391,183.69630160900124
13,iterative,auto,warm,1,,True,53,130,0.5,0.2,fixed,1000,1000,1000,946,1,,8385,8445,142.95022079699993
13,iterative,auto,warm,1,,True,54,130,0.5,0.2,fixed,1000,1000,1000,927,1,,8385,8518,191.59682181300013
13,iterative,auto,warm,1,,True,55,130,0.5,0.2,fixed,1000,1000,1000,895,1,,8385,8623,98.3887536350012
13,iterative,auto,warm,1,,True,56,130,0.5,0.2,fixed,1000,1000,1000,874,1,,8385,8749,161.13459391400102
13,iterative,auto,warm,1,,True,57,130,0.5,0.2,fixed,1000,1000,750,879,1,,8385,8620,140.84523594500206
13,iterative,auto,warm,1,,True,58,130,0.5,0.2,fixed,1000,1000,254,692,1,,8385,8182,126.88489638199826
