solve_id,solve_type,method,warm_start,min_search_proportion,threshold_proportion,remove_constraints,sub_solve_id,n,p,q,cut_type,cut_value,cuts_sought,cuts_added,cuts_removed,search_proportion_used,current_threshold,variables,constraints,cpu_time
1,iterative,auto,warm,1,,True,0,140,0.5,0.2,fixed,1000,100,100,0,1,,9730,101,0.018362168999374262
1,iterative,auto,warm,1,,True,1,140,0.5,0.2,fixed,1000,1000,1000,100,1,,9730,1001,0.07155661199976748
1,iterative,auto,warm,1,,True,2,140,0.5,0.2,fixed,1000,1000,1000,1000,1,,9730,1001,0.035608189000413404
1,iterative,auto,warm,1,,True,3,140,0.5,0.2,fixed,1000,1000,1000,1000,1,,9730,1001,0.035490295000272454
1,iterative,auto,warm,1,,True,4,140,0.5,0.2,fixed,1000,1000,1000,640,1,,9730,1361,0.04511495499900775
1,iterative,auto,warm,1,,True,5,140,0.5,0.2,fixed,1000,1000,1000,576,1,,9730,1785,0.17308372499974212
1,iterative,auto,warm,1,,True,6,140,0.5,0.2,fixed,1000,1000,1000,523,1,,9730,2262,0.09716088299865078
1,iterative,auto,warm,1,,True,7,140,0.5,0.2,fixed,1000,1000,1000,301,1,,9730,2961,0.1488287539996236
1,iterative,auto,warm,1,,True,8,140,0.5,0.2,fixed,1000,1000,1000,392,1,,9730,3569,0.19955570499951136
1,iterative,auto,warm,1,,True,9,140,0.5,0.2,fixed,1000,1000,1000,555,1,,9730,4014,0.2729273339991778
1,iterative,auto,warm,1,,True,10,140,0.5,0.2,fixed,1000,1000,1000,737,1,,9730,4277,0.367140364000079
1,iterative,auto,warm,1,,True,11,140,0.5,0.2,fixed,1000,1000,1000,756,1,,9730,4521,0.41454222700122045
1,iterative,auto,warm,1,,True,12,140,0.5,0.2,fixed,1000,1000,1000,759,1,,9730,4762,0.4016968710002402
1,iterative,auto,warm,1,,True,13,140,0.5,0.2,fixed,1000,1000,1000,778,1,,9730,4984,0.5474129790000006
1,iterative,auto,warm,1,,True,14,140,0.5,0.2,fixed,1000,1000,1000,734,1,,9730,5250,0.6773809629994503
1,iterative,auto,warm,1,,True,15,140,0.5,0.2,fixed,1000,1000,1000,881,1,,9730,5369,0.767151328998807
1,iterative,auto,warm,1,,True,16,140,0.5,0.2,fixed,1000,1000,1000,882,1,,9730,5487,0.7681974469996931
1,iterative,auto,warm,1,,True,17,140,0.5,0.2,fixed,1000,1000,1000,769,1,,9730,5718,2.8551774640000076
1,iterative,auto,warm,1,,True,18,140,0.5,0.2,fixed,1000,1000,1000,860,1,,9730,5858,2.663670280000588
1,iterative,auto,warm,1,,True,19,140,0.5,0.2,fixed,1000,1000,1000,843,1,,9730,6015,3.6745241320004425
1,iterative,auto,warm,1,,True,20,140,0.5,0.2,fixed,1000,1000,1000,848,1,,9730,6167,5.05269253699953
1,iterative,auto,warm,1,,True,21,140,0.5,0.2,fixed,1000,1000,1000,850,1,,9730,6317,5.710772344000361
1,iterative,auto,warm,1,,True,22,140,0.5,0.2,fixed,1000,1000,1000,899,1,,9730,6418,6.06022646800011
1,iterative,auto,warm,1,,True,23,140,0.5,0.2,fixed,1000,1000,1000,836,1,,9730,6582,8.530558791999283
1,iterative,auto,warm,1,,True,24,140,0.5,0.2,fixed,1000,1000,1000,884,1,,9730,6698,11.261789449999924
1,iterative,auto,warm,1,,True,25,140,0.5,0.2,fixed,1000,1000,1000,857,1,,9730,6841,33.52554547799991
1,iterative,auto,warm,1,,True,26,140,0.5,0.2,fixed,1000,1000,1000,867,1,,9730,6974,38.59127794699998
1,iterative,auto,warm,1,,True,27,140,0.5,0.2,fixed,1000,1000,1000,884,1,,9730,7090,38.88687365499936
1,iterative,auto,warm,1,,True,28,140,0.5,0.2,fixed,1000,1000,1000,814,1,,9730,7276,44.17506280499947
1,iterative,auto,warm,1,,True,29,140,0.5,0.2,fixed,1000,1000,1000,823,1,,9730,7453,50.57711675899918
1,iterative,auto,warm,1,,True,30,140,0.5,0.2,fixed,1000,1000,1000,875,1,,9730,7578,54.13905309800066
1,iterative,auto,warm,1,,True,31,140,0.5,0.2,fixed,1000,1000,1000,823,1,,9730,7755,56.40805383599945
1,iterative,auto,warm,1,,True,32,140,0.5,0.2,fixed,1000,1000,1000,838,1,,9730,7917,61.89063335799983
1,iterative,auto,warm,1,,True,33,140,0.5,0.2,fixed,1000,1000,1000,860,1,,9730,8057,71.75874160600142
1,iterative,auto,warm,1,,True,34,140,0.5,0.2,fixed,1000,1000,1000,843,1,,9730,8214,77.64328914500038
1,iterative,auto,warm,1,,True,35,140,0.5,0.2,fixed,1000,1000,1000,839,1,,9730,8375,88.25851609799975
1,iterative,auto,warm,1,,True,36,140,0.5,0.2,fixed,1000,1000,1000,853,1,,9730,8522,95.67389202300001
1,iterative,auto,warm,1,,True,37,140,0.5,0.2,fixed,1000,1000,1000,866,1,,9730,8656,103.55524179500026
1,iterative,auto,warm,1,,True,38,140,0.5,0.2,fixed,1000,1000,1000,899,1,,9730,8757,98.70805375200143
1,iterative,auto,warm,1,,True,39,140,0.5,0.2,fixed,1000,1000,1000,873,1,,9730,8884,109.4491716900011
1,iterative,auto,warm,1,,True,40,140,0.5,0.2,fixed,1000,1000,1000,903,1,,9730,8981,113.67517277099978
1,iterative,auto,warm,1,,True,41,140,0.5,0.2,fixed,1000,1000,1000,892,1,,9730,9089,119.10914973199942
1,iterative,auto,warm,1,,True,42,140,0.5,0.2,fixed,1000,1000,1000,933,1,,9730,9156,116.3389224420007
1,iterative,auto,warm,1,,True,43,140,0.5,0.2,fixed,1000,1000,1000,917,1,,9730,9239,127.94953250400067
1,iterative,auto,warm,1,,True,44,140,0.5,0.2,fixed,1000,1000,1000,953,1,,9730,9286,139.69808666000063
1,iterative,auto,warm,1,,True,45,140,0.5,0.2,fixed,1000,1000,1000,925,1,,9730,9361,138.44902755899966
1,iterative,auto,warm,1,,True,46,140,0.5,0.2,fixed,1000,1000,1000,928,1,,9730,9433,135.9890787580007
1,iterative,auto,warm,1,,True,47,140,0.5,0.2,fixed,1000,1000,1000,958,1,,9730,9475,139.32108056000106
1,iterative,auto,warm,1,,True,48,140,0.5,0.2,fixed,1000,1000,1000,969,1,,9730,9506,150.0708125330002
1,iterative,auto,warm,1,,True,49,140,0.5,0.2,fixed,1000,1000,1000,958,1,,9730,9548,145.99942105800073
1,iterative,auto,warm,1,,True,50,140,0.5,0.2,fixed,1000,1000,1000,1000,1,,9730,9548,139.05244900400066
1,iterative,auto,warm,1,,True,51,140,0.5,0.2,fixed,1000,1000,1000,989,1,,9730,9559,154.38389716100028
1,iterative,auto,warm,1,,True,52,140,0.5,0.2,fixed,1000,1000,1000,998,1,,9730,9561,160.70675377999942
1,iterative,auto,warm,1,,True,53,140,0.5,0.2,fixed,1000,1000,1000,1010,1,,9730,9551,143.50480629600133
1,iterative,auto,warm,1,,True,54,140,0.5,0.2,fixed,1000,1000,1000,1020,1,,9730,9531,162.12478573000044
1,iterative,auto,warm,1,,True,55,140,0.5,0.2,fixed,1000,1000,1000,946,1,,9730,9585,156.36105440400024
1,iterative,auto,warm,1,,True,56,140,0.5,0.2,fixed,1000,1000,1000,1019,1,,9730,9566,165.15034186699995
1,iterative,auto,warm,1,,True,57,140,0.5,0.2,fixed,1000,1000,1000,988,1,,9730,9578,143.8228978499992
1,iterative,auto,warm,1,,True,58,140,0.5,0.2,fixed,1000,1000,1000,957,1,,9730,9621,141.02587241499896
1,iterative,auto,warm,1,,True,59,140,0.5,0.2,fixed,1000,1000,1000,923,1,,9730,9698,139.0651284889991
1,iterative,auto,warm,1,,True,60,140,0.5,0.2,fixed,1000,1000,1000,914,1,,9730,9784,162.89481605999936
1,iterative,auto,warm,1,,True,61,140,0.5,0.2,fixed,1000,1000,1000,885,1,,9730,9899,178.62604366400046
1,iterative,auto,warm,1,,True,62,140,0.5,0.2,fixed,1000,1000,1000,878,1,,9730,10021,160.9644815749998
1,iterative,auto,warm,1,,True,63,140,0.5,0.2,fixed,1000,1000,274,903,1,,9730,9392,158.72508887599906
