solve_id,solve_type,method,warm_start,min_search_proportion,threshold_proportion,remove_constraints,sub_solve_id,n,p,q,cut_type,cut_value,cuts_sought,cuts_added,cuts_removed,search_proportion_used,current_threshold,variables,constraints,cpu_time
0,iterative,auto,warm,1,,True,0,30,0.5,0.2,fixed,1000,100,100,0,1,,435,101,0.0031332849999998746
0,iterative,auto,warm,1,,True,1,30,0.5,0.2,fixed,1000,1000,1000,100,1,,435,1001,0.08921916700000021
0,iterative,auto,warm,1,,True,2,30,0.5,0.2,fixed,1000,1000,1000,705,1,,435,1296,0.23673432699999974
0,iterative,auto,warm,1,,True,3,30,0.5,0.2,fixed,1000,1000,1000,894,1,,435,1402,0.23123870899999988
0,iterative,auto,warm,1,,True,4,30,0.5,0.2,fixed,1000,1000,122,983,1,,435,541,0.1043233859999999
0,iterative,auto,warm,1,,True,5,30,0.5,0.2,fixed,1000,1000,1000,123,1,,435,1418,0.2460740659999998
0,iterative,auto,warm,1,,True,6,30,0.5,0.2,fixed,1000,1000,122,835,1,,435,705,0.137485077
0,iterative,auto,warm,1,,True,7,30,0.5,0.2,fixed,1000,1000,213,134,1,,435,784,0.1506938980000001
0,iterative,auto,warm,1,,True,8,30,0.5,0.2,fixed,1000,1000,802,360,1,,435,1226,0.2061675970000003
