solve_id,solve_type,method,warm_start,min_search_proportion,threshold_proportion,remove_constraints,zero_slack_likelihood,sub_solve_id,n,p,q,cut_type,cut_value,cuts_sought,cuts_added,cuts_removed,search_proportion_used,current_threshold,variables,constraints,cpu_time,dual_0_constraints,dual_0_with_slack,dual_0_no_slack
11,iterative,auto,warm,1,,False,0,0,50,0.5,0.2,fixed,1000,100,100,0,1,,1225,101,0.0038345109999227134,0,0,0
11,iterative,auto,warm,1,,False,0,1,50,0.5,0.2,fixed,1000,1000,1000,0,1,,1225,1101,0.030634842000040408,0,0,0
11,iterative,auto,warm,1,,False,0,2,50,0.5,0.2,fixed,1000,1000,1000,0,1,,1225,2101,1.1585677670000223,0,0,0
11,iterative,auto,warm,1,,False,0,3,50,0.5,0.2,fixed,1000,1000,1000,0,1,,1225,3101,4.232219969000084,0,0,0
11,iterative,auto,warm,1,,False,0,4,50,0.5,0.2,fixed,1000,1000,1000,0,1,,1225,4101,1.5003933930000812,0,0,0
11,iterative,auto,warm,1,,True,0,0,50,0.5,0.2,fixed,1000,100,100,0,1,,1225,101,0.0035401129999854675,0,0,0
11,iterative,auto,warm,1,,True,0,1,50,0.5,0.2,fixed,1000,1000,1000,85,1,,1225,1016,0.04226627599996391,100,85,15
11,iterative,auto,warm,1,,True,0,2,50,0.5,0.2,fixed,1000,1000,1000,361,1,,1225,1655,0.5414338619999626,608,361,247
11,iterative,auto,warm,1,,True,0,3,50,0.5,0.2,fixed,1000,1000,1000,744,1,,1225,1911,1.0039922600000182,784,744,40
11,iterative,auto,warm,1,,True,0,4,50,0.5,0.2,fixed,1000,1000,1000,886,1,,1225,2025,1.1431907480000518,915,886,29
11,iterative,auto,warm,1,,True,0,5,50,0.5,0.2,fixed,1000,1000,1000,927,1,,1225,2098,0.9734253579999859,955,927,28
11,iterative,auto,warm,1,,True,0,6,50,0.5,0.2,fixed,1000,1000,1000,992,1,,1225,2106,0.05221916200002852,1023,992,31
11,iterative,auto,warm,1,,True,0,7,50,0.5,0.2,fixed,1000,1000,278,13,1,,1225,2371,0.011035174999960873,1034,13,1021
11,iterative,auto,warm,1,,True,0.1,0,50,0.5,0.2,fixed,1000,100,100,0,1,,1225,101,0.003888357000050746,0,0,0
11,iterative,auto,warm,1,,True,0.1,1,50,0.5,0.2,fixed,1000,1000,1000,85,1,,1225,1016,0.032819733999986056,100,85,15
11,iterative,auto,warm,1,,True,0.1,2,50,0.5,0.2,fixed,1000,1000,1000,360,1,,1225,1656,0.2708850319999101,623,329,294
11,iterative,auto,warm,1,,True,0.1,3,50,0.5,0.2,fixed,1000,1000,1000,806,1,,1225,1850,0.6022622049999882,943,788,155
11,iterative,auto,warm,1,,True,0.1,4,50,0.5,0.2,fixed,1000,1000,1000,887,1,,1225,1963,0.872992538999938,980,881,99
11,iterative,auto,warm,1,,True,0.1,5,50,0.5,0.2,fixed,1000,1000,1000,939,1,,1225,2024,1.367532912999991,999,934,65
11,iterative,auto,warm,1,,True,0.1,6,50,0.5,0.2,fixed,1000,1000,1000,940,1,,1225,2084,1.479385971000056,995,934,61
11,iterative,auto,warm,1,,True,0.1,7,50,0.5,0.2,fixed,1000,1000,1000,972,1,,1225,2112,0.9112673930000028,997,970,27
11,iterative,auto,warm,1,,True,0.1,8,50,0.5,0.2,fixed,1000,1000,642,160,1,,1225,2594,1.2234489349999649,1119,51,1068
11,iterative,auto,warm,1,,True,0.3,0,50,0.5,0.2,fixed,1000,100,100,130,1,,1225,101,0.0038823649999812915,0,0,0
11,iterative,auto,warm,1,,True,0.3,1,50,0.5,0.2,fixed,1000,1000,1000,95,1,,1225,1006,0.026832653999917966,100,92,8
11,iterative,auto,warm,1,,True,0.3,2,50,0.5,0.2,fixed,1000,1000,1000,433,1,,1225,1573,0.2084541240000135,677,303,374
11,iterative,auto,warm,1,,True,0.3,3,50,0.5,0.2,fixed,1000,1000,1000,788,1,,1225,1785,0.5178946810000298,902,744,158
11,iterative,auto,warm,1,,True,0.3,4,50,0.5,0.2,fixed,1000,1000,1000,879,1,,1225,1906,0.8264292610000439,978,843,135
11,iterative,auto,warm,1,,True,0.3,5,50,0.5,0.2,fixed,1000,1000,1000,917,1,,1225,1989,1.2970173009999826,970,892,78
11,iterative,auto,warm,1,,True,0.3,6,50,0.5,0.2,fixed,1000,1000,1000,946,1,,1225,2043,1.3200680189999048,993,929,64
11,iterative,auto,warm,1,,True,0.3,7,50,0.5,0.2,fixed,1000,1000,1000,987,1,,1225,2056,1.087232771999993,1024,968,56
11,iterative,auto,warm,1,,True,0.3,8,50,0.5,0.2,fixed,1000,1000,1000,386,1,,1225,2670,1.38659696600007,1042,114,928
11,iterative,auto,warm,1,,True,0.3,9,50,0.5,0.2,fixed,1000,1000,912,544,1,,1225,3038,1.461647656000082,1663,72,1591
11,iterative,auto,warm,1,,True,0.3,10,50,0.5,0.2,fixed,1000,1000,724,637,1,,1225,3125,1.590630901000054,2010,50,1960
11,iterative,auto,warm,1,,True,0.3,11,50,0.5,0.2,fixed,1000,1000,634,694,1,,1225,3065,1.259120750999955,2092,42,2050
11,iterative,auto,warm,1,,True,0.3,12,50,0.5,0.2,fixed,1000,1000,642,661,1,,1225,3046,1.4333208770000283,2051,48,2003
11,iterative,auto,warm,1,,True,0.3,13,50,0.5,0.2,fixed,1000,1000,278,616,1,,1225,2708,1.2730371060000607,2033,22,2011
11,iterative,auto,warm,1,,True,0.3,14,50,0.5,0.2,fixed,1000,1000,460,503,1,,1225,2665,1.2161720600000763,1692,60,1632
11,iterative,auto,warm,1,,True,0.3,15,50,0.5,0.2,fixed,1000,1000,278,505,1,,1225,2438,1.0087875400000712,1660,19,1641
11,iterative,auto,warm,1,,True,0.3,16,50,0.5,0.2,fixed,1000,1000,620,419,1,,1225,2639,1.2366222449999213,1441,34,1407
11,iterative,auto,warm,1,,True,0.3,17,50,0.5,0.2,fixed,1000,1000,720,492,1,,1225,2867,1.404357943999912,1630,57,1573
11,iterative,auto,warm,1,,True,0.3,18,50,0.5,0.2,fixed,1000,1000,184,481,1,,1225,2570,1.166685349999966,1855,17,1838
11,iterative,auto,warm,1,,True,0.3,19,50,0.5,0.2,fixed,1000,1000,458,414,1,,1225,2614,1.182028397999943,1574,30,1544
