solve_id,solve_type,method,warm_start,sub_solve_id,n,p,q,cut_type,cut_value,cuts_sought,cuts_added,min_order,min_proportion,proportion_used,variables,constraints,cpu_time
0,once,auto,cold,0,160,0.5,0.1,fixed,3000,2679680,2679680,0,1,1,12720,2679681,14396.343980497
0,iterative,dual,warm,0,160,0.5,0.1,fixed,3000,100,100,0,0.01,1,12720,101,0.02500902599967958
0,iterative,dual,warm,1,160,0.5,0.1,fixed,3000,3000,0,0,0.01,0.01,12720,3101,0.4841832729998714
0,iterative,dual,warm,2,160,0.5,0.1,fixed,3000,3000,0,0,0.01,0.01,12720,6101,0.9383328720014106
0,iterative,dual,warm,3,160,0.5,0.1,fixed,3000,3000,0,0,0.01,0.01,12720,9101,0.377655254000274
0,iterative,dual,warm,4,160,0.5,0.1,fixed,3000,3000,0,0,0.01,0.01,12720,12101,37.29117054800008
0,iterative,dual,warm,5,160,0.5,0.1,fixed,3000,3000,0,0,0.01,0.01,12720,15101,311.3752422340003
0,iterative,dual,warm,6,160,0.5,0.1,fixed,3000,3000,0,0,0.01,0.01,12720,18101,306.4074267529995
0,iterative,dual,warm,7,160,0.5,0.1,fixed,3000,3000,0,0,0.01,0.01,12720,21101,442.7817635770007
0,iterative,dual,warm,8,160,0.5,0.1,fixed,3000,3000,0,0,0.01,0.01,12720,24101,379.2776484139995
0,iterative,dual,warm,9,160,0.5,0.1,fixed,3000,3000,0,0,0.01,0.01,12720,27101,2.42411057299978
0,iterative,dual,warm,10,160,0.5,0.1,fixed,3000,3000,0,0,0.01,0.01,12720,30101,0.10457603100076085
0,iterative,dual,warm,11,160,0.5,0.1,fixed,3000,3000,0,0,0.01,0.01,12720,33101,0.1020961089998309
0,iterative,dual,warm,12,160,0.5,0.1,fixed,3000,3000,0,0,0.01,0.01,12720,36101,0.10923947500123177
0,iterative,dual,warm,13,160,0.5,0.1,fixed,3000,3000,0,0,0.01,0.01,12720,39101,0.10580768499858095
0,iterative,dual,warm,14,160,0.5,0.1,fixed,3000,3000,0,0,0.01,0.01,12720,42101,0.11239514199951373
0,iterative,dual,warm,15,160,0.5,0.1,fixed,3000,3000,0,0,0.01,0.01,12720,45101,0.1201453900011984
0,iterative,dual,warm,16,160,0.5,0.1,fixed,3000,3000,0,0,0.01,0.01,12720,48101,0.12513866699919163
0,iterative,dual,warm,17,160,0.5,0.1,fixed,3000,3000,0,0,0.01,0.01,12720,51101,0.13857497699973464
0,iterative,dual,warm,18,160,0.5,0.1,fixed,3000,3000,0,0,0.01,0.01,12720,54101,0.13859097699969425
0,iterative,dual,warm,19,160,0.5,0.1,fixed,3000,3000,0,0,0.01,0.01,12720,57101,0.1381540809998114
0,iterative,dual,warm,20,160,0.5,0.1,fixed,3000,3000,0,0,0.01,0.01,12720,60101,0.14114359999985027
0,iterative,dual,warm,21,160,0.5,0.1,fixed,3000,3000,0,0,0.01,0.01,12720,63101,0.1461062630005472
0,iterative,dual,warm,22,160,0.5,0.1,fixed,3000,3000,0,0,0.01,0.01,12720,66101,0.15060065899888286
0,iterative,dual,warm,23,160,0.5,0.1,fixed,3000,3000,0,0,0.01,0.01,12720,69101,0.1588900629994896
0,iterative,dual,warm,24,160,0.5,0.1,fixed,3000,3000,0,0,0.01,0.01,12720,72101,0.16293248599868093
0,iterative,dual,warm,25,160,0.5,0.1,fixed,3000,3000,0,0,0.01,0.01,12720,75101,0.1701648690013826
0,iterative,dual,warm,26,160,0.5,0.1,fixed,3000,3000,0,0,0.01,0.01,12720,78101,0.1726203069993062
0,iterative,dual,warm,27,160,0.5,0.1,fixed,3000,3000,0,0,0.01,0.01,12720,81101,0.17595965700093075
0,iterative,dual,warm,28,160,0.5,0.1,fixed,3000,3000,0,0,0.01,0.01,12720,84101,0.17498736099878442
0,iterative,dual,warm,29,160,0.5,0.1,fixed,3000,3000,0,0,0.01,0.01,12720,87101,0.17735726499995508
0,iterative,dual,warm,30,160,0.5,0.1,fixed,3000,3000,0,0,0.01,0.01,12720,90101,0.208897116001026
0,iterative,dual,warm,31,160,0.5,0.1,fixed,3000,3000,0,0,0.01,0.01,12720,93101,0.19814040699930047
0,iterative,dual,warm,32,160,0.5,0.1,fixed,3000,3000,0,0,0.01,0.01,12720,96101,0.21136544799992407
0,iterative,dual,warm,33,160,0.5,0.1,fixed,3000,3000,0,0,0.01,0.01,12720,99101,0.23461730100098066
0,iterative,dual,warm,34,160,0.5,0.1,fixed,3000,3000,0,0,0.01,0.01,12720,102101,0.2179812350004795
0,iterative,dual,warm,35,160,0.5,0.1,fixed,3000,3000,0,0,0.01,0.01,12720,105101,0.2252900250005041
0,iterative,dual,warm,36,160,0.5,0.1,fixed,3000,3000,0,0,0.01,0.01,12720,108101,0.2321722470005625
0,iterative,dual,warm,37,160,0.5,0.1,fixed,3000,3000,0,0,0.01,0.01,12720,111101,0.23955261299852282
0,iterative,dual,warm,38,160,0.5,0.1,fixed,3000,3000,0,0,0.01,0.01,12720,114101,0.25393579699994007
0,iterative,dual,warm,39,160,0.5,0.1,fixed,3000,3000,0,0,0.01,0.01,12720,117101,0.25392179300069984
0,iterative,dual,warm,40,160,0.5,0.1,fixed,3000,3000,0,0,0.01,0.01,12720,120101,0.24579432599966822
0,iterative,dual,warm,41,160,0.5,0.1,fixed,3000,3000,0,0,0.01,0.01,12720,123101,0.273025462998703
0,iterative,dual,warm,42,160,0.5,0.1,fixed,3000,3000,0,0,0.01,0.01,12720,126101,0.28933237999990524
0,iterative,dual,warm,43,160,0.5,0.1,fixed,3000,3000,0,0,0.01,0.01,12720,129101,0.24675681200096733
0,iterative,dual,warm,44,160,0.5,0.1,fixed,3000,3000,0,0,0.01,0.01,12720,132101,0.25785412500044913
0,iterative,dual,warm,45,160,0.5,0.1,fixed,3000,3000,0,0,0.01,0.01,12720,135101,0.2620544700002938
0,iterative,dual,warm,46,160,0.5,0.1,fixed,3000,3000,0,0,0.01,0.01,12720,138101,0.27041844699851936
0,iterative,dual,warm,47,160,0.5,0.1,fixed,3000,3000,0,0,0.01,0.01,12720,141101,0.2783708309998474
0,iterative,dual,warm,48,160,0.5,0.1,fixed,3000,3000,0,0,0.01,0.01,12720,144101,0.2835446999997657
0,iterative,dual,warm,49,160,0.5,0.1,fixed,3000,3000,0,0,0.01,0.01,12720,147101,0.32477999099864974
0,iterative,dual,warm,50,160,0.5,0.1,fixed,3000,3000,0,0,0.01,0.01,12720,150101,0.32488910400024906
0,iterative,dual,warm,51,160,0.5,0.1,fixed,3000,3000,0,0,0.01,0.01,12720,153101,0.37514626899974246
0,iterative,dual,warm,52,160,0.5,0.1,fixed,3000,3000,0,0,0.01,0.01,12720,156101,0.36239521899915417
0,iterative,dual,warm,53,160,0.5,0.1,fixed,3000,3000,0,0,0.01,0.01,12720,159101,0.3156316259992309
0,iterative,dual,warm,54,160,0.5,0.1,fixed,3000,3000,0,0,0.01,0.01,12720,162101,0.3382445800016285
0,iterative,dual,warm,55,160,0.5,0.1,fixed,3000,3000,0,0,0.01,0.01,12720,165101,0.35916104699936113
0,iterative,dual,warm,56,160,0.5,0.1,fixed,3000,3000,0,0,0.01,0.01,12720,168101,0.36596189699957904
0,iterative,dual,warm,57,160,0.5,0.1,fixed,3000,3000,0,0,0.01,0.01,12720,171101,0.39597293499900843
0,iterative,dual,warm,58,160,0.5,0.1,fixed,3000,3000,0,0,0.01,0.01,12720,174101,0.3717316940001183
0,iterative,dual,warm,59,160,0.5,0.1,fixed,3000,3000,0,0,0.01,0.01,12720,177101,0.3720826010012388
0,iterative,dual,warm,60,160,0.5,0.1,fixed,3000,3000,0,0,0.01,0.01,12720,180101,0.3750899569986359
0,iterative,dual,warm,61,160,0.5,0.1,fixed,3000,3000,0,0,0.01,0.01,12720,183101,0.4210488170010649
0,iterative,dual,warm,62,160,0.5,0.1,fixed,3000,3000,0,0,0.01,0.01,12720,186101,0.4316830019997724
0,iterative,dual,warm,63,160,0.5,0.1,fixed,3000,3000,0,0,0.01,0.01,12720,189101,0.443824345999019
0,iterative,dual,warm,64,160,0.5,0.1,fixed,3000,3000,0,0,0.01,0.01,12720,192101,0.4443385370013857
0,iterative,dual,warm,65,160,0.5,0.1,fixed,3000,3000,0,0,0.01,0.01,12720,195101,0.48416216999976314
0,iterative,dual,warm,66,160,0.5,0.1,fixed,3000,3000,0,0,0.01,0.01,12720,198101,0.4201947139990807
0,iterative,dual,warm,67,160,0.5,0.1,fixed,3000,3000,0,0,0.01,0.01,12720,201101,0.41547325500141596
0,iterative,dual,warm,68,160,0.5,0.1,fixed,3000,3000,0,0,0.01,0.01,12720,204101,0.4255463879999297
0,iterative,dual,warm,69,160,0.5,0.1,fixed,3000,3000,0,0,0.01,0.01,12720,207101,0.4278970499999559
0,iterative,dual,warm,70,160,0.5,0.1,fixed,3000,3000,0,0,0.01,0.01,12720,210101,0.4689330269993661
0,iterative,dual,warm,71,160,0.5,0.1,fixed,3000,3000,0,0,0.01,0.01,12720,213101,0.45496093700057827
0,iterative,dual,warm,72,160,0.5,0.1,fixed,3000,3000,0,0,0.01,0.01,12720,216101,0.5309964970001602
0,iterative,dual,warm,73,160,0.5,0.1,fixed,3000,3000,0,0,0.01,0.01,12720,219101,0.5008024749986362
0,iterative,dual,warm,74,160,0.5,0.1,fixed,3000,3000,0,0,0.01,0.01,12720,222101,0.5544351799999276
0,iterative,dual,warm,75,160,0.5,0.1,fixed,3000,3000,0,0,0.01,0.01,12720,225101,0.4559377030000178
0,iterative,dual,warm,76,160,0.5,0.1,fixed,3000,3000,0,0,0.01,0.01,12720,228101,0.5219044689984003
0,iterative,dual,warm,77,160,0.5,0.1,fixed,3000,3000,0,0,0.01,0.01,12720,231101,0.483070434000183
0,iterative,dual,warm,78,160,0.5,0.1,fixed,3000,3000,0,0,0.01,0.01,12720,234101,0.5673140729995794
0,iterative,dual,warm,79,160,0.5,0.1,fixed,3000,3000,0,0,0.01,0.01,12720,237101,0.5648723630001768
0,iterative,dual,warm,80,160,0.5,0.1,fixed,3000,3000,0,0,0.01,0.01,12720,240101,0.5515494289993512
0,iterative,dual,warm,81,160,0.5,0.1,fixed,3000,3000,0,0,0.01,0.01,12720,243101,0.5466481469993596
0,iterative,dual,warm,82,160,0.5,0.1,fixed,3000,3000,0,0,0.01,0.01,12720,246101,0.5602647230007278
0,iterative,dual,warm,83,160,0.5,0.1,fixed,3000,3000,0,0,0.01,0.01,12720,249101,0.605120917000022
0,iterative,dual,warm,84,160,0.5,0.1,fixed,3000,3000,0,0,0.01,0.01,12720,252101,0.5512868509995315
0,iterative,dual,warm,85,160,0.5,0.1,fixed,3000,3000,0,0,0.01,0.01,12720,255101,0.5491684209991945
0,iterative,dual,warm,86,160,0.5,0.1,fixed,3000,3000,0,0,0.01,0.01,12720,258101,0.5462147859998367
0,iterative,dual,warm,87,160,0.5,0.1,fixed,3000,3000,0,0,0.01,0.01,12720,261101,0.5377751699998043
0,iterative,dual,warm,88,160,0.5,0.1,fixed,3000,3000,0,0,0.01,0.01,12720,264101,0.5563384950000909
0,iterative,dual,warm,89,160,0.5,0.1,fixed,3000,3000,0,0,0.01,0.01,12720,267101,0.5772786189991166
0,iterative,dual,warm,90,160,0.5,0.1,fixed,3000,3000,0,0,0.01,0.01,12720,270101,0.5943256849986938
0,iterative,dual,warm,91,160,0.5,0.1,fixed,3000,3000,0,0,0.01,0.01,12720,273101,0.6084620720012026
0,iterative,dual,warm,92,160,0.5,0.1,fixed,3000,3000,0,0,0.01,0.01,12720,276101,0.6219740209999145
0,iterative,dual,warm,93,160,0.5,0.1,fixed,3000,3000,0,0,0.01,0.01,12720,279101,0.6047681990003184
0,iterative,dual,warm,94,160,0.5,0.1,fixed,3000,3000,0,0,0.01,0.01,12720,282101,0.600931754001067
0,iterative,dual,warm,95,160,0.5,0.1,fixed,3000,3000,0,0,0.01,0.01,12720,285101,0.6529970559986396
0,iterative,dual,warm,96,160,0.5,0.1,fixed,3000,3000,0,0,0.01,0.01,12720,288101,0.6083897910011729
0,iterative,dual,warm,97,160,0.5,0.1,fixed,3000,3000,0,0,0.01,0.01,12720,291101,0.6261234670000704
0,iterative,dual,warm,98,160,0.5,0.1,fixed,3000,3000,0,0,0.01,0.01,12720,294101,0.666313101999549
0,iterative,dual,warm,99,160,0.5,0.1,fixed,3000,3000,0,0,0.01,0.01,12720,297101,0.6278774080001313
0,iterative,dual,warm,100,160,0.5,0.1,fixed,3000,3000,0,0,0.01,0.01,12720,300101,0.6536461119994783
0,iterative,dual,warm,101,160,0.5,0.1,fixed,3000,3000,0,0,0.01,0.01,12720,303101,0.7339126349997969
0,iterative,dual,warm,102,160,0.5,0.1,fixed,3000,3000,0,0,0.01,0.01,12720,306101,0.6776778919993376
0,iterative,dual,warm,103,160,0.5,0.1,fixed,3000,3000,0,0,0.01,0.01,12720,309101,0.6741884669991123
0,iterative,dual,warm,104,160,0.5,0.1,fixed,3000,3000,0,0,0.01,0.01,12720,312101,0.6951343450000422
0,iterative,dual,warm,105,160,0.5,0.1,fixed,3000,3000,0,0,0.01,0.01,12720,315101,0.7119173150003917
0,iterative,dual,warm,106,160,0.5,0.1,fixed,3000,3000,0,0,0.01,0.01,12720,318101,0.7043044049987657
0,iterative,dual,warm,107,160,0.5,0.1,fixed,3000,3000,0,0,0.01,0.01,12720,321101,0.7507006079995335
0,iterative,dual,warm,108,160,0.5,0.1,fixed,3000,3000,0,0,0.01,0.01,12720,324101,0.7061901389988634
0,iterative,dual,warm,109,160,0.5,0.1,fixed,3000,3000,0,0,0.01,0.01,12720,327101,0.759418170000572
0,iterative,dual,warm,110,160,0.5,0.1,fixed,3000,3000,0,0,0.01,0.01,12720,330101,0.7950637110006937
0,iterative,dual,warm,111,160,0.5,0.1,fixed,3000,3000,0,0,0.01,0.01,12720,333101,0.7550207210006192
0,iterative,dual,warm,112,160,0.5,0.1,fixed,3000,3000,0,0,0.01,0.01,12720,336101,0.7320479919999343
0,iterative,dual,warm,113,160,0.5,0.1,fixed,3000,3000,0,0,0.01,0.01,12720,339101,0.7467983320002531
0,iterative,dual,warm,114,160,0.5,0.1,fixed,3000,3000,0,0,0.01,0.01,12720,342101,0.7672338519987534
0,iterative,dual,warm,115,160,0.5,0.1,fixed,3000,3000,0,0,0.01,0.01,12720,345101,0.771376787999543
0,iterative,dual,warm,116,160,0.5,0.1,fixed,3000,3000,0,0,0.01,0.01,12720,348101,0.759897263998937
0,iterative,dual,warm,117,160,0.5,0.1,fixed,3000,3000,0,0,0.01,0.01,12720,351101,0.8888393390006968
0,iterative,dual,warm,118,160,0.5,0.1,fixed,3000,3000,0,0,0.01,0.01,12720,354101,0.8257508809983847
0,iterative,dual,warm,119,160,0.5,0.1,fixed,3000,3000,0,0,0.01,0.01,12720,357101,0.8333088370000041
0,iterative,dual,warm,120,160,0.5,0.1,fixed,3000,3000,0,0,0.01,0.01,12720,360101,0.8345074790013314
0,iterative,dual,warm,121,160,0.5,0.1,fixed,3000,3000,0,0,0.01,0.01,12720,363101,0.8366197040013503
0,iterative,dual,warm,122,160,0.5,0.1,fixed,3000,3000,0,0,0.01,0.01,12720,366101,0.9153008749999572
0,iterative,dual,warm,123,160,0.5,0.1,fixed,3000,3000,0,0,0.01,0.01,12720,369101,1.0099034970007779
0,iterative,dual,warm,124,160,0.5,0.1,fixed,3000,3000,0,0,0.01,0.01,12720,372101,0.8806909489994723
0,iterative,dual,warm,125,160,0.5,0.1,fixed,3000,3000,0,0,0.01,0.01,12720,375101,0.8967889939995075
0,iterative,dual,warm,126,160,0.5,0.1,fixed,3000,3000,0,0,0.01,0.01,12720,378101,0.8209326420001162
0,iterative,dual,warm,127,160,0.5,0.1,fixed,3000,3000,0,0,0.01,0.01,12720,381101,0.8756101340004534
0,iterative,dual,warm,128,160,0.5,0.1,fixed,3000,3000,0,0,0.01,0.01,12720,384101,0.8632311199999094
0,iterative,dual,warm,129,160,0.5,0.1,fixed,3000,3000,0,0,0.01,0.01,12720,387101,0.8586133960016014
0,iterative,dual,warm,130,160,0.5,0.1,fixed,3000,3000,0,0,0.01,0.01,12720,390101,0.871292177000214
0,iterative,dual,warm,131,160,0.5,0.1,fixed,3000,3000,0,0,0.01,0.01,12720,393101,0.8634021149991895
0,iterative,dual,warm,132,160,0.5,0.1,fixed,3000,3000,0,0,0.01,0.01,12720,396101,1.040458014998876
0,iterative,dual,warm,133,160,0.5,0.1,fixed,3000,3000,0,0,0.01,0.01,12720,399101,1.0324014220004756
0,iterative,dual,warm,134,160,0.5,0.1,fixed,3000,3000,0,0,0.01,0.01,12720,402101,0.9921214519999921
0,iterative,dual,warm,135,160,0.5,0.1,fixed,3000,3000,0,0,0.01,0.01,12720,405101,0.9550038929992297
0,iterative,dual,warm,136,160,0.5,0.1,fixed,3000,3000,0,0,0.01,0.01,12720,408101,1.0806833209990145
0,iterative,dual,warm,137,160,0.5,0.1,fixed,3000,3000,0,0,0.01,0.01,12720,411101,1.119711080000343
0,iterative,dual,warm,138,160,0.5,0.1,fixed,3000,3000,0,0,0.01,0.01,12720,414101,1.0550255879988981
0,iterative,dual,warm,139,160,0.5,0.1,fixed,3000,3000,0,0,0.01,0.01,12720,417101,1.1036743269996805
0,iterative,dual,warm,140,160,0.5,0.1,fixed,3000,3000,0,0,0.01,0.01,12720,420101,1.1211365449998993
0,iterative,dual,warm,141,160,0.5,0.1,fixed,3000,3000,0,0,0.01,0.01,12720,423101,1.0681653949995962
0,iterative,dual,warm,142,160,0.5,0.1,fixed,3000,3000,0,0,0.01,0.01,12720,426101,1.1423829689993
0,iterative,dual,warm,143,160,0.5,0.1,fixed,3000,3000,0,0,0.01,0.01,12720,429101,1.062336173001313
0,iterative,dual,warm,144,160,0.5,0.1,fixed,3000,3000,0,0,0.01,0.01,12720,432101,1.0676737849989877
0,iterative,dual,warm,145,160,0.5,0.1,fixed,3000,3000,0,0,0.01,0.01,12720,435101,1.0733551109988184
0,iterative,dual,warm,146,160,0.5,0.1,fixed,3000,3000,0,0,0.01,0.01,12720,438101,1.0854667229996267
0,iterative,dual,warm,147,160,0.5,0.1,fixed,3000,3000,0,0,0.01,0.01,12720,441101,1.0936208170005557
0,iterative,dual,warm,148,160,0.5,0.1,fixed,3000,3000,0,0,0.01,0.01,12720,444101,1.0914686519990937
0,iterative,dual,warm,149,160,0.5,0.1,fixed,3000,3000,0,0,0.01,0.01,12720,447101,1.11235781600044
0,iterative,dual,warm,150,160,0.5,0.1,fixed,3000,3000,0,0,0.01,0.01,12720,450101,1.147972242999458
0,iterative,dual,warm,151,160,0.5,0.1,fixed,3000,3000,0,0,0.01,0.01,12720,453101,1.1675978120001673
0,iterative,dual,warm,152,160,0.5,0.1,fixed,3000,3000,0,0,0.01,0.01,12720,456101,1.1395363369992992
0,iterative,dual,warm,153,160,0.5,0.1,fixed,3000,3000,0,0,0.01,0.01,12720,459101,1.1823434489997453
0,iterative,dual,warm,154,160,0.5,0.1,fixed,3000,3000,0,0,0.01,0.01,12720,462101,1.1571500480004033
0,iterative,dual,warm,155,160,0.5,0.1,fixed,3000,3000,0,0,0.01,0.01,12720,465101,1.1976354010002979
0,iterative,dual,warm,156,160,0.5,0.1,fixed,3000,3000,0,0,0.01,0.01,12720,468101,1.1650094499982515
0,iterative,dual,warm,157,160,0.5,0.1,fixed,3000,3000,0,0,0.01,0.01,12720,471101,1.19359243100007
0,iterative,dual,warm,158,160,0.5,0.1,fixed,3000,3000,0,0,0.01,0.01,12720,474101,1.2092104729999846
0,iterative,dual,warm,159,160,0.5,0.1,fixed,3000,3000,0,0,0.01,0.01,12720,477101,1.2087483190007333
0,iterative,dual,warm,160,160,0.5,0.1,fixed,3000,3000,0,0,0.01,0.01,12720,480101,1.2022564099988813
0,iterative,dual,warm,161,160,0.5,0.1,fixed,3000,3000,0,0,0.01,0.01,12720,483101,1.2061002000009466
0,iterative,dual,warm,162,160,0.5,0.1,fixed,3000,3000,0,0,0.01,0.01,12720,486101,1.187403419000475
0,iterative,dual,warm,163,160,0.5,0.1,fixed,3000,3000,0,0,0.01,0.01,12720,489101,1.211177809000219
0,iterative,dual,warm,164,160,0.5,0.1,fixed,3000,3000,0,0,0.01,0.01,12720,492101,1.2390341920017818
0,iterative,dual,warm,165,160,0.5,0.1,fixed,3000,3000,0,0,0.01,0.01,12720,495101,1.2961743060004665
0,iterative,dual,warm,166,160,0.5,0.1,fixed,3000,3000,0,0,0.01,0.01,12720,498101,1.2514436340006796
0,iterative,dual,warm,167,160,0.5,0.1,fixed,3000,3000,0,0,0.01,0.01,12720,501101,1.2651192019984592
0,iterative,dual,warm,168,160,0.5,0.1,fixed,3000,3000,0,0,0.01,0.01,12720,504101,1.2868415489992913
0,iterative,dual,warm,169,160,0.5,0.1,fixed,3000,3000,0,0,0.01,0.01,12720,507101,1.3010553059993981
0,iterative,dual,warm,170,160,0.5,0.1,fixed,3000,3000,0,0,0.01,0.01,12720,510101,1.2787262009987899
0,iterative,dual,warm,171,160,0.5,0.1,fixed,3000,3000,0,0,0.01,0.01,12720,513101,1.2699937939996744
0,iterative,dual,warm,172,160,0.5,0.1,fixed,3000,3000,0,0,0.01,0.01,12720,516101,1.2886555610002688
0,iterative,dual,warm,173,160,0.5,0.1,fixed,3000,3000,0,0,0.01,0.01,12720,519101,1.2800310629991145
0,iterative,dual,warm,174,160,0.5,0.1,fixed,3000,3000,0,0,0.01,0.01,12720,522101,1.3839943780003523
0,iterative,dual,warm,175,160,0.5,0.1,fixed,3000,3000,0,0,0.01,0.01,12720,525101,1.35701344699919
0,iterative,dual,warm,176,160,0.5,0.1,fixed,3000,3000,0,0,0.01,0.01,12720,528101,1.3481880289982655
0,iterative,dual,warm,177,160,0.5,0.1,fixed,3000,3000,0,0,0.01,0.01,12720,531101,1.3851618799999414
0,iterative,dual,warm,178,160,0.5,0.1,fixed,3000,3000,0,0,0.01,0.01,12720,534101,1.4435976290005783
0,iterative,dual,warm,179,160,0.5,0.1,fixed,3000,3000,0,0,0.01,0.01,12720,537101,1.463366654003039
0,iterative,dual,warm,180,160,0.5,0.1,fixed,3000,3000,0,0,0.01,0.01,12720,540101,1.3981086349995167
0,iterative,dual,warm,181,160,0.5,0.1,fixed,3000,3000,0,0,0.01,0.01,12720,543101,1.3942254280009365
0,iterative,dual,warm,182,160,0.5,0.1,fixed,3000,3000,0,0,0.01,0.01,12720,546101,1.4188562349991116
0,iterative,dual,warm,183,160,0.5,0.1,fixed,3000,3000,0,0,0.01,0.01,12720,549101,1.5918502989989065
0,iterative,dual,warm,184,160,0.5,0.1,fixed,3000,3000,0,0,0.01,0.01,12720,552101,1.4425185740001325
0,iterative,dual,warm,185,160,0.5,0.1,fixed,3000,3000,0,0,0.01,0.01,12720,555101,1.418655943001795
0,iterative,dual,warm,186,160,0.5,0.1,fixed,3000,3000,0,0,0.01,0.01,12720,558101,1.4963518420008768
0,iterative,dual,warm,187,160,0.5,0.1,fixed,3000,3000,0,0,0.01,0.01,12720,561101,1.5734318119975796
0,iterative,dual,warm,188,160,0.5,0.1,fixed,3000,3000,0,0,0.01,0.01,12720,564101,1.4208332339985645
0,iterative,dual,warm,189,160,0.5,0.1,fixed,3000,3000,0,0,0.01,0.01,12720,567101,1.5101807459977863
0,iterative,dual,warm,190,160,0.5,0.1,fixed,3000,3000,0,0,0.01,0.01,12720,570101,1.464903289997892
0,iterative,dual,warm,191,160,0.5,0.1,fixed,3000,3000,0,0,0.01,0.01,12720,573101,1.5048885729993344
0,iterative,dual,warm,192,160,0.5,0.1,fixed,3000,3000,0,0,0.01,0.01,12720,576101,1.5157607680012006
0,iterative,dual,warm,193,160,0.5,0.1,fixed,3000,3000,0,0,0.01,0.01,12720,579101,1.5267222029979166
0,iterative,dual,warm,194,160,0.5,0.1,fixed,3000,3000,0,0,0.01,0.01,12720,582101,1.520904018998408
0,iterative,dual,warm,195,160,0.5,0.1,fixed,3000,3000,0,0,0.01,0.01,12720,585101,1.5276349099985964
0,iterative,dual,warm,196,160,0.5,0.1,fixed,3000,3000,0,0,0.01,0.01,12720,588101,1.5996743800023978
0,iterative,dual,warm,197,160,0.5,0.1,fixed,3000,3000,0,0,0.01,0.01,12720,591101,1.576830620997498
0,iterative,dual,warm,198,160,0.5,0.1,fixed,3000,3000,0,0,0.01,0.01,12720,594101,1.5786064739986614
0,iterative,dual,warm,199,160,0.5,0.1,fixed,3000,3000,0,0,0.01,0.01,12720,597101,1.572200046000944
0,iterative,dual,warm,200,160,0.5,0.1,fixed,3000,3000,0,0,0.01,0.01,12720,600101,1.6845100360005745
0,iterative,dual,warm,201,160,0.5,0.1,fixed,3000,3000,0,0,0.01,0.01,12720,603101,1.6745661759996437
0,iterative,dual,warm,202,160,0.5,0.1,fixed,3000,3000,0,0,0.01,0.01,12720,606101,1.7552170599992678
0,iterative,dual,warm,203,160,0.5,0.1,fixed,3000,3000,0,0,0.01,0.01,12720,609101,1.713881826002762
0,iterative,dual,warm,204,160,0.5,0.1,fixed,3000,3000,0,0,0.01,0.01,12720,612101,1.73031133999757
0,iterative,dual,warm,205,160,0.5,0.1,fixed,3000,3000,0,0,0.01,0.01,12720,615101,1.7088641510017624
0,iterative,dual,warm,206,160,0.5,0.1,fixed,3000,3000,0,0,0.01,0.01,12720,618101,1.6855345639996813
0,iterative,dual,warm,207,160,0.5,0.1,fixed,3000,3000,0,0,0.01,0.01,12720,621101,1.661040356997546
0,iterative,dual,warm,208,160,0.5,0.1,fixed,3000,3000,0,0,0.01,0.01,12720,624101,1.672918464999384
0,iterative,dual,warm,209,160,0.5,0.1,fixed,3000,3000,0,0,0.01,0.01,12720,627101,1.698196221001126
0,iterative,dual,warm,210,160,0.5,0.1,fixed,3000,3000,0,0,0.01,0.01,12720,630101,1.829666988000099
0,iterative,dual,warm,211,160,0.5,0.1,fixed,3000,3000,0,0,0.01,0.01,12720,633101,1.8303926580010739
0,iterative,dual,warm,212,160,0.5,0.1,fixed,3000,3000,0,0,0.01,0.01,12720,636101,1.791549978999683
0,iterative,dual,warm,213,160,0.5,0.1,fixed,3000,3000,0,0,0.01,0.01,12720,639101,1.7592212880008447
0,iterative,dual,warm,214,160,0.5,0.1,fixed,3000,3000,0,0,0.01,0.01,12720,642101,1.770932706000167
0,iterative,dual,warm,215,160,0.5,0.1,fixed,3000,3000,0,0,0.01,0.01,12720,645101,1.821799857996666
0,iterative,dual,warm,216,160,0.5,0.1,fixed,3000,3000,0,0,0.01,0.01,12720,648101,1.9693460609996691
0,iterative,dual,warm,217,160,0.5,0.1,fixed,3000,3000,0,0,0.01,0.01,12720,651101,1.8911133729998255
0,iterative,dual,warm,218,160,0.5,0.1,fixed,3000,3000,0,0,0.01,0.01,12720,654101,1.9654991770003107
0,iterative,dual,warm,219,160,0.5,0.1,fixed,3000,3000,0,0,0.01,0.01,12720,657101,1.8952686109987553
0,iterative,dual,warm,220,160,0.5,0.1,fixed,3000,3000,0,0,0.01,0.01,12720,660101,1.8940171920003195
0,iterative,dual,warm,221,160,0.5,0.1,fixed,3000,3000,0,0,0.01,0.01,12720,663101,2.002936174001661
0,iterative,dual,warm,222,160,0.5,0.1,fixed,3000,3000,0,0,0.01,0.01,12720,666101,1.9033776970027247
0,iterative,dual,warm,223,160,0.5,0.1,fixed,3000,3000,0,0,0.01,0.01,12720,669101,1.8612588150026568
0,iterative,dual,warm,224,160,0.5,0.1,fixed,3000,3000,0,0,0.01,0.01,12720,672101,1.871535695001512
0,iterative,dual,warm,225,160,0.5,0.1,fixed,3000,3000,0,0,0.01,0.01,12720,675101,1.9549509459975525
0,iterative,dual,warm,226,160,0.5,0.1,fixed,3000,3000,0,0,0.01,0.01,12720,678101,1.971700478999992
0,iterative,dual,warm,227,160,0.5,0.1,fixed,3000,3000,0,0,0.01,0.01,12720,681101,1.9744609129993478
0,iterative,dual,warm,228,160,0.5,0.1,fixed,3000,3000,0,0,0.01,0.01,12720,684101,1.9871858959995734
0,iterative,dual,warm,229,160,0.5,0.1,fixed,3000,3000,0,0,0.01,0.01,12720,687101,2.0206744329989306
0,iterative,dual,warm,230,160,0.5,0.1,fixed,3000,3000,0,0,0.01,0.01,12720,690101,2.0705772549990797
0,iterative,dual,warm,231,160,0.5,0.1,fixed,3000,3000,0,0,0.01,0.1,12720,693101,2.0858373240007495
0,iterative,dual,warm,232,160,0.5,0.1,fixed,3000,3000,0,0,0.01,0.1,12720,696101,2.06711717899816
0,iterative,dual,warm,233,160,0.5,0.1,fixed,3000,3000,0,0,0.01,0.1,12720,699101,2.1087683959995047
0,iterative,dual,warm,234,160,0.5,0.1,fixed,3000,3000,0,0,0.01,0.1,12720,702101,2.0915818309986207
0,iterative,dual,warm,235,160,0.5,0.1,fixed,3000,3000,0,0,0.01,0.1,12720,705101,2.0497056000021985
0,iterative,dual,warm,236,160,0.5,0.1,fixed,3000,3000,0,0,0.01,0.1,12720,708101,2.537934406998829
0,iterative,dual,warm,237,160,0.5,0.1,fixed,3000,3000,0,0,0.01,0.1,12720,711101,2.035926226999436
0,iterative,dual,warm,238,160,0.5,0.1,fixed,3000,3000,0,0,0.01,0.1,12720,714101,2.20558256699951
0,iterative,dual,warm,239,160,0.5,0.1,fixed,3000,3000,0,0,0.01,0.1,12720,717101,2.2065509849999216
0,iterative,dual,warm,240,160,0.5,0.1,fixed,3000,3000,0,0,0.01,0.1,12720,720101,2.1541378059991985
0,iterative,dual,warm,241,160,0.5,0.1,fixed,3000,3000,0,0,0.01,0.1,12720,723101,2.3783488879998913
0,iterative,dual,warm,242,160,0.5,0.1,fixed,3000,3000,0,0,0.01,0.1,12720,726101,2.1376191890012706
0,iterative,dual,warm,243,160,0.5,0.1,fixed,3000,3000,0,0,0.01,0.1,12720,729101,2.3955450380017282
0,iterative,dual,warm,244,160,0.5,0.1,fixed,3000,3000,0,0,0.01,0.1,12720,732101,2.1180919609978446
0,iterative,dual,warm,245,160,0.5,0.1,fixed,3000,3000,0,0,0.01,0.1,12720,735101,2.116765458998998
0,iterative,dual,warm,246,160,0.5,0.1,fixed,3000,3000,0,0,0.01,0.1,12720,738101,2.1412089919977007
0,iterative,dual,warm,247,160,0.5,0.1,fixed,3000,3000,0,0,0.01,0.1,12720,741101,2.1541171000026225
0,iterative,dual,warm,248,160,0.5,0.1,fixed,3000,3000,0,0,0.01,0.1,12720,744101,2.133453159000055
0,iterative,dual,warm,249,160,0.5,0.1,fixed,3000,3000,0,0,0.01,0.1,12720,747101,2.1019825790026516
0,iterative,dual,warm,250,160,0.5,0.1,fixed,3000,3000,0,0,0.01,0.1,12720,750101,2.105259424999531
0,iterative,dual,warm,251,160,0.5,0.1,fixed,3000,3000,0,0,0.01,0.1,12720,753101,2.2084848240010615
0,iterative,dual,warm,252,160,0.5,0.1,fixed,3000,3000,0,0,0.01,0.1,12720,756101,2.3811272009988897
0,iterative,dual,warm,253,160,0.5,0.1,fixed,3000,3000,0,0,0.01,0.1,12720,759101,2.31251660399721
0,iterative,dual,warm,254,160,0.5,0.1,fixed,3000,3000,0,0,0.01,0.1,12720,762101,2.3181806780012266
0,iterative,dual,warm,255,160,0.5,0.1,fixed,3000,3000,0,0,0.01,0.1,12720,765101,2.3207135400007246
0,iterative,dual,warm,256,160,0.5,0.1,fixed,3000,3000,0,0,0.01,0.1,12720,768101,2.325289800999599
0,iterative,dual,warm,257,160,0.5,0.1,fixed,3000,3000,0,0,0.01,0.1,12720,771101,2.208962695000082
0,iterative,dual,warm,258,160,0.5,0.1,fixed,3000,3000,0,0,0.01,0.1,12720,774101,2.3051386090010055
0,iterative,dual,warm,259,160,0.5,0.1,fixed,3000,3000,0,0,0.01,0.1,12720,777101,2.089351700997213
0,iterative,dual,warm,260,160,0.5,0.1,fixed,3000,3000,0,0,0.01,0.1,12720,780101,2.105187509998359
0,iterative,dual,warm,261,160,0.5,0.1,fixed,3000,3000,0,0,0.01,0.1,12720,783101,2.206595928000752
0,iterative,dual,warm,262,160,0.5,0.1,fixed,3000,3000,0,0,0.01,0.1,12720,786101,2.4283755390024453
0,iterative,dual,warm,263,160,0.5,0.1,fixed,3000,3000,0,0,0.01,0.1,12720,789101,2.319461738999962
0,iterative,dual,warm,264,160,0.5,0.1,fixed,3000,3000,0,0,0.01,0.1,12720,792101,2.3626154150006187
0,iterative,dual,warm,265,160,0.5,0.1,fixed,3000,3000,0,0,0.01,0.1,12720,795101,2.351141874998575
0,iterative,dual,warm,266,160,0.5,0.1,fixed,3000,3000,0,0,0.01,0.1,12720,798101,2.4410726240021177
0,iterative,dual,warm,267,160,0.5,0.1,fixed,3000,3000,0,0,0.01,0.1,12720,801101,2.505396980999649
0,iterative,dual,warm,268,160,0.5,0.1,fixed,3000,3000,0,0,0.01,0.1,12720,804101,2.4983888770002523
0,iterative,dual,warm,269,160,0.5,0.1,fixed,3000,3000,0,0,0.01,0.1,12720,807101,2.2337763710020226
0,iterative,dual,warm,270,160,0.5,0.1,fixed,3000,3000,0,0,0.01,0.1,12720,810101,2.3848228120004933
0,iterative,dual,warm,271,160,0.5,0.1,fixed,3000,3000,0,0,0.01,0.1,12720,813101,2.398770403000526
0,iterative,dual,warm,272,160,0.5,0.1,fixed,3000,3000,0,0,0.01,0.1,12720,816101,2.405607508000685
0,iterative,dual,warm,273,160,0.5,0.1,fixed,3000,3000,0,0,0.01,0.1,12720,819101,2.273952819999977
0,iterative,dual,warm,274,160,0.5,0.1,fixed,3000,3000,0,0,0.01,0.1,12720,822101,2.454055923000851
0,iterative,dual,warm,275,160,0.5,0.1,fixed,3000,3000,0,0,0.01,0.1,12720,825101,2.5091615119999915
0,iterative,dual,warm,276,160,0.5,0.1,fixed,3000,3000,0,0,0.01,0.1,12720,828101,2.524865941999451
0,iterative,dual,warm,277,160,0.5,0.1,fixed,3000,3000,0,0,0.01,0.1,12720,831101,2.5258865599971614
0,iterative,dual,warm,278,160,0.5,0.1,fixed,3000,3000,0,0,0.01,0.1,12720,834101,2.5467209030030062
0,iterative,dual,warm,279,160,0.5,0.1,fixed,3000,3000,0,0,0.01,0.1,12720,837101,2.644659538000269
0,iterative,dual,warm,280,160,0.5,0.1,fixed,3000,3000,0,0,0.01,0.1,12720,840101,2.615692294002656
0,iterative,dual,warm,281,160,0.5,0.1,fixed,3000,3000,0,0,0.01,0.1,12720,843101,2.6443808949989034
0,iterative,dual,warm,282,160,0.5,0.1,fixed,3000,3000,0,0,0.01,0.1,12720,846101,2.6420957580012328
0,iterative,dual,warm,283,160,0.5,0.1,fixed,3000,3000,0,0,0.01,0.1,12720,849101,2.665282695001224
0,iterative,dual,warm,284,160,0.5,0.1,fixed,3000,3000,0,0,0.01,0.1,12720,852101,2.6034793389990227
0,iterative,dual,warm,285,160,0.5,0.1,fixed,3000,3000,0,0,0.01,0.1,12720,855101,2.6485675149997405
0,iterative,dual,warm,286,160,0.5,0.1,fixed,3000,3000,0,0,0.01,0.1,12720,858101,2.4852373790017737
0,iterative,dual,warm,287,160,0.5,0.1,fixed,3000,3000,0,0,0.01,0.1,12720,861101,2.6923767260013847
0,iterative,dual,warm,288,160,0.5,0.1,fixed,3000,3000,0,0,0.01,0.1,12720,864101,2.7884242750005797
0,iterative,dual,warm,289,160,0.5,0.1,fixed,3000,3000,0,0,0.01,0.1,12720,867101,2.895443518002139
0,iterative,dual,warm,290,160,0.5,0.1,fixed,3000,3000,0,0,0.01,0.1,12720,870101,2.816542127999128
0,iterative,dual,warm,291,160,0.5,0.1,fixed,3000,3000,0,0,0.01,0.1,12720,873101,2.8151298080010747
0,iterative,dual,warm,292,160,0.5,0.1,fixed,3000,3000,0,0,0.01,0.1,12720,876101,2.6869024829975388
0,iterative,dual,warm,293,160,0.5,0.1,fixed,3000,3000,0,0,0.01,0.1,12720,879101,2.6844848719993024
0,iterative,dual,warm,294,160,0.5,0.1,fixed,3000,3000,0,0,0.01,0.1,12720,882101,2.6029743860017334
0,iterative,dual,warm,295,160,0.5,0.1,fixed,3000,3000,0,0,0.01,0.1,12720,885101,2.727196885000012
0,iterative,dual,warm,296,160,0.5,0.1,fixed,3000,3000,0,0,0.01,0.1,12720,888101,2.6100242829998024
0,iterative,dual,warm,297,160,0.5,0.1,fixed,3000,3000,0,0,0.01,0.1,12720,891101,2.843311814001936
0,iterative,dual,warm,298,160,0.5,0.1,fixed,3000,3000,0,0,0.01,0.1,12720,894101,2.882640841999091
0,iterative,dual,warm,299,160,0.5,0.1,fixed,3000,3000,0,0,0.01,0.1,12720,897101,2.858432860000903
0,iterative,dual,warm,300,160,0.5,0.1,fixed,3000,3000,0,0,0.01,0.1,12720,900101,2.87661323300199
0,iterative,dual,warm,301,160,0.5,0.1,fixed,3000,3000,0,0,0.01,0.1,12720,903101,2.883938948998548
0,iterative,dual,warm,302,160,0.5,0.1,fixed,3000,3000,0,0,0.01,0.1,12720,906101,2.8948497700002918
0,iterative,dual,warm,303,160,0.5,0.1,fixed,3000,3000,0,0,0.01,0.1,12720,909101,2.8041965129996242
0,iterative,dual,warm,304,160,0.5,0.1,fixed,3000,3000,0,0,0.01,0.1,12720,912101,2.743040306999319
0,iterative,dual,warm,305,160,0.5,0.1,fixed,3000,3000,0,0,0.01,0.1,12720,915101,2.780083650999586
0,iterative,dual,warm,306,160,0.5,0.1,fixed,3000,3000,0,0,0.01,0.1,12720,918101,2.879548558998067
0,iterative,dual,warm,307,160,0.5,0.1,fixed,3000,3000,0,0,0.01,0.1,12720,921101,2.920454505001544
0,iterative,dual,warm,308,160,0.5,0.1,fixed,3000,3000,0,0,0.01,0.1,12720,924101,2.932694896000612
0,iterative,dual,warm,309,160,0.5,0.1,fixed,3000,3000,0,0,0.01,0.1,12720,927101,2.940483962000144
0,iterative,dual,warm,310,160,0.5,0.1,fixed,3000,3000,0,0,0.01,0.1,12720,930101,2.939617295000062
0,iterative,dual,warm,311,160,0.5,0.1,fixed,3000,3000,0,0,0.01,0.1,12720,933101,2.8971776719990885
0,iterative,dual,warm,312,160,0.5,0.1,fixed,3000,3000,0,0,0.01,0.1,12720,936101,2.9896924940003373
0,iterative,dual,warm,313,160,0.5,0.1,fixed,3000,3000,0,0,0.01,0.1,12720,939101,2.9988140640016354
0,iterative,dual,warm,314,160,0.5,0.1,fixed,3000,3000,0,0,0.01,0.1,12720,942101,3.030375972000911
0,iterative,dual,warm,315,160,0.5,0.1,fixed,3000,3000,0,0,0.01,0.1,12720,945101,3.0199371720009367
0,iterative,dual,warm,316,160,0.5,0.1,fixed,3000,3000,0,0,0.01,0.1,12720,948101,3.0326409240005887
0,iterative,dual,warm,317,160,0.5,0.1,fixed,3000,3000,0,0,0.01,0.1,12720,951101,3.0658292600019195
0,iterative,dual,warm,318,160,0.5,0.1,fixed,3000,3000,0,0,0.01,0.1,12720,954101,3.038966052001342
0,iterative,dual,warm,319,160,0.5,0.1,fixed,3000,3000,0,0,0.01,0.1,12720,957101,3.2314666009988287
0,iterative,dual,warm,320,160,0.5,0.1,fixed,3000,3000,0,0,0.01,0.1,12720,960101,3.027670813997247
0,iterative,dual,warm,321,160,0.5,0.1,fixed,3000,3000,0,0,0.01,0.1,12720,963101,3.2429760369996075
0,iterative,dual,warm,322,160,0.5,0.1,fixed,3000,3000,0,0,0.01,1,12720,966101,3.1259271830022044
0,iterative,dual,warm,323,160,0.5,0.1,fixed,3000,3000,0,0,0.01,1,12720,969101,2.9591322499982198
0,iterative,dual,warm,324,160,0.5,0.1,fixed,3000,3000,0,0,0.01,1,12720,972101,3.177866060999804
0,iterative,dual,warm,325,160,0.5,0.1,fixed,3000,3000,0,0,0.01,1,12720,975101,3.171052380999754
0,iterative,dual,warm,326,160,0.5,0.1,fixed,3000,3000,0,0,0.01,1,12720,978101,3.1259301680001954
0,iterative,dual,warm,327,160,0.5,0.1,fixed,3000,3000,0,0,0.01,1,12720,981101,3.261965028999839
0,iterative,dual,warm,328,160,0.5,0.1,fixed,3000,3000,0,0,0.01,1,12720,984101,3.100017044998822
0,iterative,dual,warm,329,160,0.5,0.1,fixed,3000,3000,0,0,0.01,1,12720,987101,3.1851104119996307
0,iterative,dual,warm,330,160,0.5,0.1,fixed,3000,3000,0,0,0.01,1,12720,989455,3.0163555670005735
1,once,auto,cold,0,160,0.5,0.1,fixed,3000,2679680,2679680,1,1,1,12720,2679681,16997.551081478996
1,iterative,dual,warm,0,160,0.5,0.1,fixed,3000,100,100,1,0.1,1,12720,101,0.026833814998099115
1,iterative,dual,warm,1,160,0.5,0.1,fixed,3000,3000,0,1,0.1,0.1,12720,3101,0.36155145399970934
1,iterative,dual,warm,2,160,0.5,0.1,fixed,3000,3000,0,1,0.1,0.1,12720,6101,0.7739133249997394
1,iterative,dual,warm,3,160,0.5,0.1,fixed,3000,3000,0,1,0.1,0.1,12720,9101,1.0580520069997874
1,iterative,dual,warm,4,160,0.5,0.1,fixed,3000,3000,0,1,0.1,0.1,12720,12101,55.82487874099752
1,iterative,dual,warm,5,160,0.5,0.1,fixed,3000,3000,0,1,0.1,0.1,12720,15101,377.8625686469968
1,iterative,dual,warm,6,160,0.5,0.1,fixed,3000,3000,0,1,0.1,0.1,12720,18101,134.52333773399732
1,iterative,dual,warm,7,160,0.5,0.1,fixed,3000,3000,0,1,0.1,0.1,12720,21101,0.19970312600344187
1,iterative,dual,warm,8,160,0.5,0.1,fixed,3000,3000,0,1,0.1,0.1,12720,24101,0.08714778399735224
1,iterative,dual,warm,9,160,0.5,0.1,fixed,3000,3000,0,1,0.1,0.1,12720,27101,0.08928160100185778
1,iterative,dual,warm,10,160,0.5,0.1,fixed,3000,3000,0,1,0.1,0.1,12720,30101,0.09331096999812871
1,iterative,dual,warm,11,160,0.5,0.1,fixed,3000,3000,0,1,0.1,0.1,12720,33101,0.09897728899522917
1,iterative,dual,warm,12,160,0.5,0.1,fixed,3000,3000,0,1,0.1,0.1,12720,36101,0.10267579599894816
1,iterative,dual,warm,13,160,0.5,0.1,fixed,3000,3000,0,1,0.1,0.1,12720,39101,0.12362208100239513
1,iterative,dual,warm,14,160,0.5,0.1,fixed,3000,3000,0,1,0.1,0.1,12720,42101,0.11521166099555558
1,iterative,dual,warm,15,160,0.5,0.1,fixed,3000,3000,0,1,0.1,0.1,12720,45101,0.1262172520000604
1,iterative,dual,warm,16,160,0.5,0.1,fixed,3000,3000,0,1,0.1,0.1,12720,48101,0.12277982100204099
1,iterative,dual,warm,17,160,0.5,0.1,fixed,3000,3000,0,1,0.1,0.1,12720,51101,0.1143095470033586
1,iterative,dual,warm,18,160,0.5,0.1,fixed,3000,3000,0,1,0.1,0.1,12720,54101,0.11820675399940228
1,iterative,dual,warm,19,160,0.5,0.1,fixed,3000,3000,0,1,0.1,0.1,12720,57101,0.13265984600002412
1,iterative,dual,warm,20,160,0.5,0.1,fixed,3000,3000,0,1,0.1,0.1,12720,60101,0.13740326799597824
1,iterative,dual,warm,21,160,0.5,0.1,fixed,3000,3000,0,1,0.1,0.1,12720,63101,0.1486405100004049
1,iterative,dual,warm,22,160,0.5,0.1,fixed,3000,3000,0,1,0.1,0.1,12720,66101,0.15172216599603416
1,iterative,dual,warm,23,160,0.5,0.1,fixed,3000,3000,0,1,0.1,0.1,12720,69101,0.15253437600040343
1,iterative,dual,warm,24,160,0.5,0.1,fixed,3000,3000,0,1,0.1,0.1,12720,72101,0.1677144360000966
1,iterative,dual,warm,25,160,0.5,0.1,fixed,3000,3000,0,1,0.1,0.1,12720,75101,0.18165555500308983
1,iterative,dual,warm,26,160,0.5,0.1,fixed,3000,3000,0,1,0.1,0.1,12720,78101,0.16733428400038974
1,iterative,dual,warm,27,160,0.5,0.1,fixed,3000,3000,0,1,0.1,0.1,12720,81101,0.1785145929970895
1,iterative,dual,warm,28,160,0.5,0.1,fixed,3000,3000,0,1,0.1,0.1,12720,84101,0.17382557100063423
1,iterative,dual,warm,29,160,0.5,0.1,fixed,3000,3000,0,1,0.1,0.1,12720,87101,0.20660841999779223
1,iterative,dual,warm,30,160,0.5,0.1,fixed,3000,3000,0,1,0.1,0.1,12720,90101,0.18481310100469273
1,iterative,dual,warm,31,160,0.5,0.1,fixed,3000,3000,0,1,0.1,0.1,12720,93101,0.18824081100319745
1,iterative,dual,warm,32,160,0.5,0.1,fixed,3000,3000,0,1,0.1,0.1,12720,96101,0.19535965500108432
1,iterative,dual,warm,33,160,0.5,0.1,fixed,3000,3000,0,1,0.1,0.1,12720,99101,0.20150119800382527
1,iterative,dual,warm,34,160,0.5,0.1,fixed,3000,3000,0,1,0.1,0.1,12720,102101,0.20632217600359581
1,iterative,dual,warm,35,160,0.5,0.1,fixed,3000,3000,0,1,0.1,0.1,12720,105101,0.20807269000215456
1,iterative,dual,warm,36,160,0.5,0.1,fixed,3000,3000,0,1,0.1,0.1,12720,108101,0.2181120719978935
1,iterative,dual,warm,37,160,0.5,0.1,fixed,3000,3000,0,1,0.1,0.1,12720,111101,0.220592844998464
1,iterative,dual,warm,38,160,0.5,0.1,fixed,3000,3000,0,1,0.1,0.1,12720,114101,0.25517622800543904
1,iterative,dual,warm,39,160,0.5,0.1,fixed,3000,3000,0,1,0.1,0.1,12720,117101,0.23826115600240882
1,iterative,dual,warm,40,160,0.5,0.1,fixed,3000,3000,0,1,0.1,0.1,12720,120101,0.24572516500484198
1,iterative,dual,warm,41,160,0.5,0.1,fixed,3000,3000,0,1,0.1,0.1,12720,123101,0.25025123199884547
1,iterative,dual,warm,42,160,0.5,0.1,fixed,3000,3000,0,1,0.1,0.1,12720,126101,0.2667784260047483
1,iterative,dual,warm,43,160,0.5,0.1,fixed,3000,3000,0,1,0.1,0.1,12720,129101,0.2914293239955441
1,iterative,dual,warm,44,160,0.5,0.1,fixed,3000,3000,0,1,0.1,0.1,12720,132101,0.2829052699962631
1,iterative,dual,warm,45,160,0.5,0.1,fixed,3000,3000,0,1,0.1,0.1,12720,135101,0.26708917500218377
1,iterative,dual,warm,46,160,0.5,0.1,fixed,3000,3000,0,1,0.1,0.1,12720,138101,0.2758057769970037
1,iterative,dual,warm,47,160,0.5,0.1,fixed,3000,3000,0,1,0.1,0.1,12720,141101,0.3074902509979438
1,iterative,dual,warm,48,160,0.5,0.1,fixed,3000,3000,0,1,0.1,0.1,12720,144101,0.3073709680029424
1,iterative,dual,warm,49,160,0.5,0.1,fixed,3000,3000,0,1,0.1,0.1,12720,147101,0.27764190699963365
1,iterative,dual,warm,50,160,0.5,0.1,fixed,3000,3000,0,1,0.1,0.1,12720,150101,0.2983888449962251
1,iterative,dual,warm,51,160,0.5,0.1,fixed,3000,3000,0,1,0.1,0.1,12720,153101,0.35264172699680785
1,iterative,dual,warm,52,160,0.5,0.1,fixed,3000,3000,0,1,0.1,0.1,12720,156101,0.3289251050009625
1,iterative,dual,warm,53,160,0.5,0.1,fixed,3000,3000,0,1,0.1,0.1,12720,159101,0.3786200800022925
1,iterative,dual,warm,54,160,0.5,0.1,fixed,3000,3000,0,1,0.1,0.1,12720,162101,0.31767534199752845
1,iterative,dual,warm,55,160,0.5,0.1,fixed,3000,3000,0,1,0.1,0.1,12720,165101,0.33676820599794155
1,iterative,dual,warm,56,160,0.5,0.1,fixed,3000,3000,0,1,0.1,0.1,12720,168101,0.3310480650034151
1,iterative,dual,warm,57,160,0.5,0.1,fixed,3000,3000,0,1,0.1,0.1,12720,171101,0.3390927070067846
1,iterative,dual,warm,58,160,0.5,0.1,fixed,3000,3000,0,1,0.1,0.1,12720,174101,0.3533349330027704
1,iterative,dual,warm,59,160,0.5,0.1,fixed,3000,3000,0,1,0.1,0.1,12720,177101,0.3980366390023846
1,iterative,dual,warm,60,160,0.5,0.1,fixed,3000,3000,0,1,0.1,0.1,12720,180101,0.36264035899512237
1,iterative,dual,warm,61,160,0.5,0.1,fixed,3000,3000,0,1,0.1,0.1,12720,183101,0.3785304539997014
1,iterative,dual,warm,62,160,0.5,0.1,fixed,3000,3000,0,1,0.1,0.1,12720,186101,0.3836393999954453
1,iterative,dual,warm,63,160,0.5,0.1,fixed,3000,3000,0,1,0.1,0.1,12720,189101,0.3773596829996677
1,iterative,dual,warm,64,160,0.5,0.1,fixed,3000,3000,0,1,0.1,0.1,12720,192101,0.4029423530009808
1,iterative,dual,warm,65,160,0.5,0.1,fixed,3000,3000,0,1,0.1,0.1,12720,195101,0.40029685699846596
1,iterative,dual,warm,66,160,0.5,0.1,fixed,3000,3000,0,1,0.1,0.1,12720,198101,0.40365809399372665
1,iterative,dual,warm,67,160,0.5,0.1,fixed,3000,3000,0,1,0.1,0.1,12720,201101,0.4393630909980857
1,iterative,dual,warm,68,160,0.5,0.1,fixed,3000,3000,0,1,0.1,0.1,12720,204101,0.39525483999750577
1,iterative,dual,warm,69,160,0.5,0.1,fixed,3000,3000,0,1,0.1,0.1,12720,207101,0.43940580599883106
1,iterative,dual,warm,70,160,0.5,0.1,fixed,3000,3000,0,1,0.1,0.1,12720,210101,0.4072199600050226
1,iterative,dual,warm,71,160,0.5,0.1,fixed,3000,3000,0,1,0.1,0.1,12720,213101,0.442107192997355
1,iterative,dual,warm,72,160,0.5,0.1,fixed,3000,3000,0,1,0.1,0.1,12720,216101,0.42704196499835234
1,iterative,dual,warm,73,160,0.5,0.1,fixed,3000,3000,0,1,0.1,0.1,12720,219101,0.43394330800219905
1,iterative,dual,warm,74,160,0.5,0.1,fixed,3000,3000,0,1,0.1,0.1,12720,222101,0.47030600500147557
1,iterative,dual,warm,75,160,0.5,0.1,fixed,3000,3000,0,1,0.1,0.1,12720,225101,0.43461066599411424
1,iterative,dual,warm,76,160,0.5,0.1,fixed,3000,3000,0,1,0.1,0.1,12720,228101,0.4448449210030958
1,iterative,dual,warm,77,160,0.5,0.1,fixed,3000,3000,0,1,0.1,0.1,12720,231101,0.4459211299981689
1,iterative,dual,warm,78,160,0.5,0.1,fixed,3000,3000,0,1,0.1,0.1,12720,234101,0.4642968030020711
1,iterative,dual,warm,79,160,0.5,0.1,fixed,3000,3000,0,1,0.1,0.1,12720,237101,0.5243680590065196
1,iterative,dual,warm,80,160,0.5,0.1,fixed,3000,3000,0,1,0.1,0.1,12720,240101,0.47612585299793864
1,iterative,dual,warm,81,160,0.5,0.1,fixed,3000,3000,0,1,0.1,0.1,12720,243101,0.5025070860065171
1,iterative,dual,warm,82,160,0.5,0.1,fixed,3000,3000,0,1,0.1,0.1,12720,246101,0.5109823349994258
1,iterative,dual,warm,83,160,0.5,0.1,fixed,3000,3000,0,1,0.1,0.1,12720,249101,0.5089340839986107
1,iterative,dual,warm,84,160,0.5,0.1,fixed,3000,3000,0,1,0.1,0.1,12720,252101,0.4986675180043676
1,iterative,dual,warm,85,160,0.5,0.1,fixed,3000,3000,0,1,0.1,0.1,12720,255101,0.5248024030006491
1,iterative,dual,warm,86,160,0.5,0.1,fixed,3000,3000,0,1,0.1,0.1,12720,258101,0.5500757560002967
1,iterative,dual,warm,87,160,0.5,0.1,fixed,3000,3000,0,1,0.1,0.1,12720,261101,0.5468958269993891
1,iterative,dual,warm,88,160,0.5,0.1,fixed,3000,3000,0,1,0.1,0.1,12720,264101,0.5521583060035482
1,iterative,dual,warm,89,160,0.5,0.1,fixed,3000,3000,0,1,0.1,0.1,12720,267101,0.5505203520006035
1,iterative,dual,warm,90,160,0.5,0.1,fixed,3000,3000,0,1,0.1,0.1,12720,270101,0.5923292040024535
1,iterative,dual,warm,91,160,0.5,0.1,fixed,3000,3000,0,1,0.1,0.1,12720,273101,0.6151874930001213
1,iterative,dual,warm,92,160,0.5,0.1,fixed,3000,3000,0,1,0.1,0.1,12720,276101,0.6123299030005
1,iterative,dual,warm,93,160,0.5,0.1,fixed,3000,3000,0,1,0.1,0.1,12720,279101,0.5980538180010626
1,iterative,dual,warm,94,160,0.5,0.1,fixed,3000,3000,0,1,0.1,0.1,12720,282101,0.6095796369991149
1,iterative,dual,warm,95,160,0.5,0.1,fixed,3000,3000,0,1,0.1,0.1,12720,285101,0.6255669210004271
1,iterative,dual,warm,96,160,0.5,0.1,fixed,3000,3000,0,1,0.1,0.1,12720,288101,0.6358809570010635
1,iterative,dual,warm,97,160,0.5,0.1,fixed,3000,3000,0,1,0.1,0.1,12720,291101,0.6559949710062938
1,iterative,dual,warm,98,160,0.5,0.1,fixed,3000,3000,0,1,0.1,0.1,12720,294101,0.6714384340011748
1,iterative,dual,warm,99,160,0.5,0.1,fixed,3000,3000,0,1,0.1,0.1,12720,297101,0.6258250869941548
1,iterative,dual,warm,100,160,0.5,0.1,fixed,3000,3000,0,1,0.1,0.1,12720,300101,0.6064084030003869
1,iterative,dual,warm,101,160,0.5,0.1,fixed,3000,3000,0,1,0.1,0.1,12720,303101,0.6030434849963058
1,iterative,dual,warm,102,160,0.5,0.1,fixed,3000,3000,0,1,0.1,0.1,12720,306101,0.5926252429999295
1,iterative,dual,warm,103,160,0.5,0.1,fixed,3000,3000,0,1,0.1,0.1,12720,309101,0.6055006349997711
1,iterative,dual,warm,104,160,0.5,0.1,fixed,3000,3000,0,1,0.1,0.1,12720,312101,0.6098283669998636
1,iterative,dual,warm,105,160,0.5,0.1,fixed,3000,3000,0,1,0.1,0.1,12720,315101,0.6190559280003072
1,iterative,dual,warm,106,160,0.5,0.1,fixed,3000,3000,0,1,0.1,0.1,12720,318101,0.6270570670021698
1,iterative,dual,warm,107,160,0.5,0.1,fixed,3000,3000,0,1,0.1,0.1,12720,321101,0.6321866490034154
1,iterative,dual,warm,108,160,0.5,0.1,fixed,3000,3000,0,1,0.1,0.1,12720,324101,0.6349828579986934
1,iterative,dual,warm,109,160,0.5,0.1,fixed,3000,3000,0,1,0.1,0.1,12720,327101,0.6358007239978178
1,iterative,dual,warm,110,160,0.5,0.1,fixed,3000,3000,0,1,0.1,0.1,12720,330101,0.6396080830018036
1,iterative,dual,warm,111,160,0.5,0.1,fixed,3000,3000,0,1,0.1,0.1,12720,333101,0.6543652079999447
1,iterative,dual,warm,112,160,0.5,0.1,fixed,3000,3000,0,1,0.1,0.1,12720,336101,0.6530978260052507
1,iterative,dual,warm,113,160,0.5,0.1,fixed,3000,3000,0,1,0.1,0.1,12720,339101,0.6714812349964632
1,iterative,dual,warm,114,160,0.5,0.1,fixed,3000,3000,0,1,0.1,0.1,12720,342101,0.6840977540050517
1,iterative,dual,warm,115,160,0.5,0.1,fixed,3000,3000,0,1,0.1,0.1,12720,345101,0.6844480729996576
1,iterative,dual,warm,116,160,0.5,0.1,fixed,3000,3000,0,1,0.1,0.1,12720,348101,0.6944824980018893
1,iterative,dual,warm,117,160,0.5,0.1,fixed,3000,3000,0,1,0.1,0.1,12720,351101,0.698700312001165
1,iterative,dual,warm,118,160,0.5,0.1,fixed,3000,3000,0,1,0.1,0.1,12720,354101,0.7208511369972257
1,iterative,dual,warm,119,160,0.5,0.1,fixed,3000,3000,0,1,0.1,0.1,12720,357101,0.7382734279963188
1,iterative,dual,warm,120,160,0.5,0.1,fixed,3000,3000,0,1,0.1,0.1,12720,360101,0.7485425179984304
1,iterative,dual,warm,121,160,0.5,0.1,fixed,3000,3000,0,1,0.1,0.1,12720,363101,0.7491371700016316
1,iterative,dual,warm,122,160,0.5,0.1,fixed,3000,3000,0,1,0.1,0.1,12720,366101,0.735865324997576
1,iterative,dual,warm,123,160,0.5,0.1,fixed,3000,3000,0,1,0.1,0.1,12720,369101,0.7505267689994071
1,iterative,dual,warm,124,160,0.5,0.1,fixed,3000,3000,0,1,0.1,0.1,12720,372101,0.75345351100259
1,iterative,dual,warm,125,160,0.5,0.1,fixed,3000,3000,0,1,0.1,0.1,12720,375101,0.7737489619976259
1,iterative,dual,warm,126,160,0.5,0.1,fixed,3000,3000,0,1,0.1,0.1,12720,378101,0.7446601849951549
1,iterative,dual,warm,127,160,0.5,0.1,fixed,3000,3000,0,1,0.1,0.1,12720,381101,0.7937458119995426
1,iterative,dual,warm,128,160,0.5,0.1,fixed,3000,3000,0,1,0.1,0.1,12720,384101,0.8146887859984417
1,iterative,dual,warm,129,160,0.5,0.1,fixed,3000,3000,0,1,0.1,0.1,12720,387101,0.8205022170004668
1,iterative,dual,warm,130,160,0.5,0.1,fixed,3000,3000,0,1,0.1,0.1,12720,390101,0.8338761429986334
1,iterative,dual,warm,131,160,0.5,0.1,fixed,3000,3000,0,1,0.1,0.1,12720,393101,0.8365917560004164
1,iterative,dual,warm,132,160,0.5,0.1,fixed,3000,3000,0,1,0.1,0.1,12720,396101,0.8265260769985616
1,iterative,dual,warm,133,160,0.5,0.1,fixed,3000,3000,0,1,0.1,0.1,12720,399101,0.8352210499942885
1,iterative,dual,warm,134,160,0.5,0.1,fixed,3000,3000,0,1,0.1,0.1,12720,402101,0.8620991049974691
1,iterative,dual,warm,135,160,0.5,0.1,fixed,3000,3000,0,1,0.1,0.1,12720,405101,0.8746942430007039
1,iterative,dual,warm,136,160,0.5,0.1,fixed,3000,3000,0,1,0.1,0.1,12720,408101,0.8935636900059762
1,iterative,dual,warm,137,160,0.5,0.1,fixed,3000,3000,0,1,0.1,0.1,12720,411101,0.8969713179976679
1,iterative,dual,warm,138,160,0.5,0.1,fixed,3000,3000,0,1,0.1,0.1,12720,414101,0.9171402959982515
1,iterative,dual,warm,139,160,0.5,0.1,fixed,3000,3000,0,1,0.1,0.1,12720,417101,0.9225236649945145
1,iterative,dual,warm,140,160,0.5,0.1,fixed,3000,3000,0,1,0.1,0.1,12720,420101,0.9180293820027146
1,iterative,dual,warm,141,160,0.5,0.1,fixed,3000,3000,0,1,0.1,0.1,12720,423101,0.9274976679953397
1,iterative,dual,warm,142,160,0.5,0.1,fixed,3000,3000,0,1,0.1,0.1,12720,426101,0.9598269900016021
1,iterative,dual,warm,143,160,0.5,0.1,fixed,3000,3000,0,1,0.1,0.1,12720,429101,0.961719949998951
1,iterative,dual,warm,144,160,0.5,0.1,fixed,3000,3000,0,1,0.1,0.1,12720,432101,0.9683494290002272
1,iterative,dual,warm,145,160,0.5,0.1,fixed,3000,3000,0,1,0.1,0.1,12720,435101,0.939126965997275
1,iterative,dual,warm,146,160,0.5,0.1,fixed,3000,3000,0,1,0.1,0.1,12720,438101,0.964863843000785
1,iterative,dual,warm,147,160,0.5,0.1,fixed,3000,3000,0,1,0.1,0.1,12720,441101,0.9532429949977086
1,iterative,dual,warm,148,160,0.5,0.1,fixed,3000,3000,0,1,0.1,0.1,12720,444101,1.0044357450024108
1,iterative,dual,warm,149,160,0.5,0.1,fixed,3000,3000,0,1,0.1,0.1,12720,447101,0.9671721249978873
1,iterative,dual,warm,150,160,0.5,0.1,fixed,3000,3000,0,1,0.1,0.1,12720,450101,0.9906878350011539
1,iterative,dual,warm,151,160,0.5,0.1,fixed,3000,3000,0,1,0.1,0.1,12720,453101,1.0093104590050643
1,iterative,dual,warm,152,160,0.5,0.1,fixed,3000,3000,0,1,0.1,0.1,12720,456101,1.0150125549989752
1,iterative,dual,warm,153,160,0.5,0.1,fixed,3000,3000,0,1,0.1,0.1,12720,459101,1.0175113020013669
1,iterative,dual,warm,154,160,0.5,0.1,fixed,3000,3000,0,1,0.1,0.1,12720,462101,1.0396663220017217
1,iterative,dual,warm,155,160,0.5,0.1,fixed,3000,3000,0,1,0.1,0.1,12720,465101,1.0342418559957878
1,iterative,dual,warm,156,160,0.5,0.1,fixed,3000,3000,0,1,0.1,0.1,12720,468101,1.0526593260001391
1,iterative,dual,warm,157,160,0.5,0.1,fixed,3000,3000,0,1,0.1,0.1,12720,471101,1.0490467679992435
1,iterative,dual,warm,158,160,0.5,0.1,fixed,3000,3000,0,1,0.1,0.1,12720,474101,1.0520169809969957
1,iterative,dual,warm,159,160,0.5,0.1,fixed,3000,3000,0,1,0.1,0.1,12720,477101,1.0567817699993611
1,iterative,dual,warm,160,160,0.5,0.1,fixed,3000,3000,0,1,0.1,0.1,12720,480101,1.0712506460040458
1,iterative,dual,warm,161,160,0.5,0.1,fixed,3000,3000,0,1,0.1,0.1,12720,483101,1.0653179509972688
1,iterative,dual,warm,162,160,0.5,0.1,fixed,3000,3000,0,1,0.1,0.1,12720,486101,1.0993804969984922
1,iterative,dual,warm,163,160,0.5,0.1,fixed,3000,3000,0,1,0.1,0.1,12720,489101,1.048737158998847
1,iterative,dual,warm,164,160,0.5,0.1,fixed,3000,3000,0,1,0.1,0.1,12720,492101,1.0636748480028473
1,iterative,dual,warm,165,160,0.5,0.1,fixed,3000,3000,0,1,0.1,0.1,12720,495101,1.109817156997451
1,iterative,dual,warm,166,160,0.5,0.1,fixed,3000,3000,0,1,0.1,0.1,12720,498101,1.0845142160032992
1,iterative,dual,warm,167,160,0.5,0.1,fixed,3000,3000,0,1,0.1,0.1,12720,501101,1.1228459109988762
1,iterative,dual,warm,168,160,0.5,0.1,fixed,3000,3000,0,1,0.1,0.1,12720,504101,1.137283688003663
1,iterative,dual,warm,169,160,0.5,0.1,fixed,3000,3000,0,1,0.1,0.1,12720,507101,1.142531624995172
1,iterative,dual,warm,170,160,0.5,0.1,fixed,3000,3000,0,1,0.1,0.1,12720,510101,1.1340649869962363
1,iterative,dual,warm,171,160,0.5,0.1,fixed,3000,3000,0,1,0.1,0.1,12720,513101,1.1372743370011449
1,iterative,dual,warm,172,160,0.5,0.1,fixed,3000,3000,0,1,0.1,0.1,12720,516101,1.1468709019973176
1,iterative,dual,warm,173,160,0.5,0.1,fixed,3000,3000,0,1,0.1,0.1,12720,519101,1.1841695760012954
1,iterative,dual,warm,174,160,0.5,0.1,fixed,3000,3000,0,1,0.1,0.1,12720,522101,1.159206902004371
1,iterative,dual,warm,175,160,0.5,0.1,fixed,3000,3000,0,1,0.1,0.1,12720,525101,1.186201260999951
1,iterative,dual,warm,176,160,0.5,0.1,fixed,3000,3000,0,1,0.1,0.1,12720,528101,1.188906910996593
1,iterative,dual,warm,177,160,0.5,0.1,fixed,3000,3000,0,1,0.1,0.1,12720,531101,1.1503543900034856
1,iterative,dual,warm,178,160,0.5,0.1,fixed,3000,3000,0,1,0.1,0.1,12720,534101,1.2038100930003566
1,iterative,dual,warm,179,160,0.5,0.1,fixed,3000,3000,0,1,0.1,0.1,12720,537101,1.2254401389945997
1,iterative,dual,warm,180,160,0.5,0.1,fixed,3000,3000,0,1,0.1,0.1,12720,540101,1.2019981969933724
1,iterative,dual,warm,181,160,0.5,0.1,fixed,3000,3000,0,1,0.1,0.1,12720,543101,1.1944050269958097
1,iterative,dual,warm,182,160,0.5,0.1,fixed,3000,3000,0,1,0.1,0.1,12720,546101,1.2088933409977471
1,iterative,dual,warm,183,160,0.5,0.1,fixed,3000,3000,0,1,0.1,0.1,12720,549101,1.2322368530003587
1,iterative,dual,warm,184,160,0.5,0.1,fixed,3000,3000,0,1,0.1,0.1,12720,552101,1.236963351999293
1,iterative,dual,warm,185,160,0.5,0.1,fixed,3000,3000,0,1,0.1,0.1,12720,555101,1.236020162999921
1,iterative,dual,warm,186,160,0.5,0.1,fixed,3000,3000,0,1,0.1,0.1,12720,558101,1.2533474960000603
1,iterative,dual,warm,187,160,0.5,0.1,fixed,3000,3000,0,1,0.1,0.1,12720,561101,1.277109542999824
1,iterative,dual,warm,188,160,0.5,0.1,fixed,3000,3000,0,1,0.1,0.1,12720,564101,1.318578730999434
1,iterative,dual,warm,189,160,0.5,0.1,fixed,3000,3000,0,1,0.1,0.1,12720,567101,1.2682566459989175
1,iterative,dual,warm,190,160,0.5,0.1,fixed,3000,3000,0,1,0.1,0.1,12720,570101,1.3037810750029166
1,iterative,dual,warm,191,160,0.5,0.1,fixed,3000,3000,0,1,0.1,0.1,12720,573101,1.2827996669948334
1,iterative,dual,warm,192,160,0.5,0.1,fixed,3000,3000,0,1,0.1,0.1,12720,576101,1.320695832000638
1,iterative,dual,warm,193,160,0.5,0.1,fixed,3000,3000,0,1,0.1,0.1,12720,579101,1.337657700998534
1,iterative,dual,warm,194,160,0.5,0.1,fixed,3000,3000,0,1,0.1,0.1,12720,582101,1.3305399840028258
1,iterative,dual,warm,195,160,0.5,0.1,fixed,3000,3000,0,1,0.1,0.1,12720,585101,1.3752092510039802
1,iterative,dual,warm,196,160,0.5,0.1,fixed,3000,3000,0,1,0.1,0.1,12720,588101,1.3672402090014657
1,iterative,dual,warm,197,160,0.5,0.1,fixed,3000,3000,0,1,0.1,0.1,12720,591101,1.3610721110017039
1,iterative,dual,warm,198,160,0.5,0.1,fixed,3000,3000,0,1,0.1,0.1,12720,594101,1.4128605750011047
1,iterative,dual,warm,199,160,0.5,0.1,fixed,3000,3000,0,1,0.1,0.1,12720,597101,1.4659299699997064
1,iterative,dual,warm,200,160,0.5,0.1,fixed,3000,3000,0,1,0.1,0.1,12720,600101,1.4395050489983987
1,iterative,dual,warm,201,160,0.5,0.1,fixed,3000,3000,0,1,0.1,0.1,12720,603101,1.4476690629962832
1,iterative,dual,warm,202,160,0.5,0.1,fixed,3000,3000,0,1,0.1,0.1,12720,606101,1.4841588250055793
1,iterative,dual,warm,203,160,0.5,0.1,fixed,3000,3000,0,1,0.1,0.1,12720,609101,1.4650585729978047
1,iterative,dual,warm,204,160,0.5,0.1,fixed,3000,3000,0,1,0.1,0.1,12720,612101,1.45076160300232
1,iterative,dual,warm,205,160,0.5,0.1,fixed,3000,3000,0,1,0.1,0.1,12720,615101,1.477217309999105
1,iterative,dual,warm,206,160,0.5,0.1,fixed,3000,3000,0,1,0.1,0.1,12720,618101,1.4660998629988171
1,iterative,dual,warm,207,160,0.5,0.1,fixed,3000,3000,0,1,0.1,0.1,12720,621101,1.4747694859979674
1,iterative,dual,warm,208,160,0.5,0.1,fixed,3000,3000,0,1,0.1,0.1,12720,624101,1.4813604619994294
1,iterative,dual,warm,209,160,0.5,0.1,fixed,3000,3000,0,1,0.1,0.1,12720,627101,1.5493958439983544
1,iterative,dual,warm,210,160,0.5,0.1,fixed,3000,3000,0,1,0.1,0.1,12720,630101,1.5048488859974896
1,iterative,dual,warm,211,160,0.5,0.1,fixed,3000,3000,0,1,0.1,0.1,12720,633101,1.5296813239983749
1,iterative,dual,warm,212,160,0.5,0.1,fixed,3000,3000,0,1,0.1,0.1,12720,636101,1.567038727000181
1,iterative,dual,warm,213,160,0.5,0.1,fixed,3000,3000,0,1,0.1,0.1,12720,639101,1.5199585929949535
1,iterative,dual,warm,214,160,0.5,0.1,fixed,3000,3000,0,1,0.1,0.1,12720,642101,1.5591576820006594
1,iterative,dual,warm,215,160,0.5,0.1,fixed,3000,3000,0,1,0.1,0.1,12720,645101,1.5593626760019106
1,iterative,dual,warm,216,160,0.5,0.1,fixed,3000,3000,0,1,0.1,0.1,12720,648101,1.5849721049962682
1,iterative,dual,warm,217,160,0.5,0.1,fixed,3000,3000,0,1,0.1,0.1,12720,651101,1.6163404940016335
1,iterative,dual,warm,218,160,0.5,0.1,fixed,3000,3000,0,1,0.1,0.1,12720,654101,1.5712890729992068
1,iterative,dual,warm,219,160,0.5,0.1,fixed,3000,3000,0,1,0.1,0.1,12720,657101,1.577968530000362
1,iterative,dual,warm,220,160,0.5,0.1,fixed,3000,3000,0,1,0.1,0.1,12720,660101,1.618410324997967
1,iterative,dual,warm,221,160,0.5,0.1,fixed,3000,3000,0,1,0.1,0.1,12720,663101,1.6450307310005883
1,iterative,dual,warm,222,160,0.5,0.1,fixed,3000,3000,0,1,0.1,0.1,12720,666101,1.6419498739996925
1,iterative,dual,warm,223,160,0.5,0.1,fixed,3000,3000,0,1,0.1,0.1,12720,669101,1.652962562002358
1,iterative,dual,warm,224,160,0.5,0.1,fixed,3000,3000,0,1,0.1,0.1,12720,672101,1.6612246419972507
1,iterative,dual,warm,225,160,0.5,0.1,fixed,3000,3000,0,1,0.1,0.1,12720,675101,1.6416271409980254
1,iterative,dual,warm,226,160,0.5,0.1,fixed,3000,3000,0,1,0.1,0.1,12720,678101,1.661611253999581
1,iterative,dual,warm,227,160,0.5,0.1,fixed,3000,3000,0,1,0.1,0.1,12720,681101,1.6708962070042617
1,iterative,dual,warm,228,160,0.5,0.1,fixed,3000,3000,0,1,0.1,0.1,12720,684101,1.6815907249983866
1,iterative,dual,warm,229,160,0.5,0.1,fixed,3000,3000,0,1,0.1,0.1,12720,687101,1.704697266999574
1,iterative,dual,warm,230,160,0.5,0.1,fixed,3000,3000,0,1,0.1,0.1,12720,690101,1.6883834599939291
1,iterative,dual,warm,231,160,0.5,0.1,fixed,3000,3000,0,1,0.1,0.1,12720,693101,1.7404916079976829
1,iterative,dual,warm,232,160,0.5,0.1,fixed,3000,3000,0,1,0.1,0.1,12720,696101,1.6881995319999987
1,iterative,dual,warm,233,160,0.5,0.1,fixed,3000,3000,0,1,0.1,0.1,12720,699101,1.7076975290037808
1,iterative,dual,warm,234,160,0.5,0.1,fixed,3000,3000,0,1,0.1,0.1,12720,702101,1.6947414019959979
1,iterative,dual,warm,235,160,0.5,0.1,fixed,3000,3000,0,1,0.1,0.1,12720,705101,1.6946543989979546
1,iterative,dual,warm,236,160,0.5,0.1,fixed,3000,3000,0,1,0.1,0.1,12720,708101,1.69227260700427
1,iterative,dual,warm,237,160,0.5,0.1,fixed,3000,3000,0,1,0.1,0.1,12720,711101,1.690695967998181
1,iterative,dual,warm,238,160,0.5,0.1,fixed,3000,3000,0,1,0.1,0.1,12720,714101,1.6965772859985009
1,iterative,dual,warm,239,160,0.5,0.1,fixed,3000,3000,0,1,0.1,0.1,12720,717101,1.7291764920009882
1,iterative,dual,warm,240,160,0.5,0.1,fixed,3000,3000,0,1,0.1,0.1,12720,720101,1.7260193149995757
1,iterative,dual,warm,241,160,0.5,0.1,fixed,3000,3000,0,1,0.1,0.1,12720,723101,1.724643052999454
1,iterative,dual,warm,242,160,0.5,0.1,fixed,3000,3000,0,1,0.1,0.1,12720,726101,1.7631002039997838
1,iterative,dual,warm,243,160,0.5,0.1,fixed,3000,3000,0,1,0.1,0.1,12720,729101,1.7902590559970122
1,iterative,dual,warm,244,160,0.5,0.1,fixed,3000,3000,0,1,0.1,0.1,12720,732101,1.7856543790039723
1,iterative,dual,warm,245,160,0.5,0.1,fixed,3000,3000,0,1,0.1,0.1,12720,735101,1.7884301689991844
1,iterative,dual,warm,246,160,0.5,0.1,fixed,3000,3000,0,1,0.1,0.1,12720,738101,1.8104264810026507
1,iterative,dual,warm,247,160,0.5,0.1,fixed,3000,3000,0,1,0.1,0.1,12720,741101,1.8097345439964556
1,iterative,dual,warm,248,160,0.5,0.1,fixed,3000,3000,0,1,0.1,0.1,12720,744101,1.8695484600029886
1,iterative,dual,warm,249,160,0.5,0.1,fixed,3000,3000,0,1,0.1,0.1,12720,747101,1.8629764530051034
1,iterative,dual,warm,250,160,0.5,0.1,fixed,3000,3000,0,1,0.1,0.1,12720,750101,1.870390176998626
1,iterative,dual,warm,251,160,0.5,0.1,fixed,3000,3000,0,1,0.1,0.1,12720,753101,1.8796364770023501
1,iterative,dual,warm,252,160,0.5,0.1,fixed,3000,3000,0,1,0.1,0.1,12720,756101,1.8900209790008375
1,iterative,dual,warm,253,160,0.5,0.1,fixed,3000,3000,0,1,0.1,0.1,12720,759101,1.8967049740022048
1,iterative,dual,warm,254,160,0.5,0.1,fixed,3000,3000,0,1,0.1,0.1,12720,762101,1.9001331369945547
1,iterative,dual,warm,255,160,0.5,0.1,fixed,3000,3000,0,1,0.1,0.1,12720,765101,1.8711688830007915
1,iterative,dual,warm,256,160,0.5,0.1,fixed,3000,3000,0,1,0.1,0.1,12720,768101,1.8848817040052381
1,iterative,dual,warm,257,160,0.5,0.1,fixed,3000,3000,0,1,0.1,0.1,12720,771101,1.9061863770039054
1,iterative,dual,warm,258,160,0.5,0.1,fixed,3000,3000,0,1,0.1,0.1,12720,774101,1.952807223999116
1,iterative,dual,warm,259,160,0.5,0.1,fixed,3000,3000,0,1,0.1,0.1,12720,777101,1.9780733959996724
1,iterative,dual,warm,260,160,0.5,0.1,fixed,3000,3000,0,1,0.1,0.1,12720,780101,1.9547597450000467
1,iterative,dual,warm,261,160,0.5,0.1,fixed,3000,3000,0,1,0.1,0.1,12720,783101,1.9834121739986585
1,iterative,dual,warm,262,160,0.5,0.1,fixed,3000,3000,0,1,0.1,0.1,12720,786101,1.9828541059978306
1,iterative,dual,warm,263,160,0.5,0.1,fixed,3000,3000,0,1,0.1,0.1,12720,789101,1.9915612709955894
1,iterative,dual,warm,264,160,0.5,0.1,fixed,3000,3000,0,1,0.1,0.1,12720,792101,2.0058520000020508
1,iterative,dual,warm,265,160,0.5,0.1,fixed,3000,3000,0,1,0.1,0.1,12720,795101,2.0097439550008858
1,iterative,dual,warm,266,160,0.5,0.1,fixed,3000,3000,0,1,0.1,0.1,12720,798101,2.0032249220021185
1,iterative,dual,warm,267,160,0.5,0.1,fixed,3000,3000,0,1,0.1,0.1,12720,801101,2.0242161550049786
1,iterative,dual,warm,268,160,0.5,0.1,fixed,3000,3000,0,1,0.1,0.1,12720,804101,2.0560671200000797
1,iterative,dual,warm,269,160,0.5,0.1,fixed,3000,3000,0,1,0.1,0.1,12720,807101,2.0657015000033425
1,iterative,dual,warm,270,160,0.5,0.1,fixed,3000,3000,0,1,0.1,0.1,12720,810101,2.0659735270019155
1,iterative,dual,warm,271,160,0.5,0.1,fixed,3000,3000,0,1,0.1,0.1,12720,813101,2.067823135999788
1,iterative,dual,warm,272,160,0.5,0.1,fixed,3000,3000,0,1,0.1,0.1,12720,816101,2.0537183900014497
1,iterative,dual,warm,273,160,0.5,0.1,fixed,3000,3000,0,1,0.1,0.1,12720,819101,2.0573679150038515
1,iterative,dual,warm,274,160,0.5,0.1,fixed,3000,3000,0,1,0.1,0.1,12720,822101,2.0563349739968544
1,iterative,dual,warm,275,160,0.5,0.1,fixed,3000,3000,0,1,0.1,0.1,12720,825101,2.08067696299986
1,iterative,dual,warm,276,160,0.5,0.1,fixed,3000,3000,0,1,0.1,0.1,12720,828101,2.117322966994834
1,iterative,dual,warm,277,160,0.5,0.1,fixed,3000,3000,0,1,0.1,0.1,12720,831101,2.1078256919936393
1,iterative,dual,warm,278,160,0.5,0.1,fixed,3000,3000,0,1,0.1,0.1,12720,834101,2.1185341750024236
1,iterative,dual,warm,279,160,0.5,0.1,fixed,3000,3000,0,1,0.1,0.1,12720,837101,2.1056428369993228
1,iterative,dual,warm,280,160,0.5,0.1,fixed,3000,3000,0,1,0.1,0.1,12720,840101,2.1539233670046087
1,iterative,dual,warm,281,160,0.5,0.1,fixed,3000,3000,0,1,0.1,0.1,12720,843101,2.0997944839982665
1,iterative,dual,warm,282,160,0.5,0.1,fixed,3000,3000,0,1,0.1,0.1,12720,846101,2.1120509169995785
1,iterative,dual,warm,283,160,0.5,0.1,fixed,3000,3000,0,1,0.1,0.1,12720,849101,2.1642570870026248
1,iterative,dual,warm,284,160,0.5,0.1,fixed,3000,3000,0,1,0.1,0.1,12720,852101,2.146266404997732
1,iterative,dual,warm,285,160,0.5,0.1,fixed,3000,3000,0,1,0.1,0.1,12720,855101,2.166333986002428
1,iterative,dual,warm,286,160,0.5,0.1,fixed,3000,3000,0,1,0.1,0.1,12720,858101,2.2124350459998823
1,iterative,dual,warm,287,160,0.5,0.1,fixed,3000,3000,0,1,0.1,0.1,12720,861101,2.173323530005291
1,iterative,dual,warm,288,160,0.5,0.1,fixed,3000,3000,0,1,0.1,0.1,12720,864101,2.1526633469984517
1,iterative,dual,warm,289,160,0.5,0.1,fixed,3000,3000,0,1,0.1,0.1,12720,867101,2.1821599369941396
1,iterative,dual,warm,290,160,0.5,0.1,fixed,3000,3000,0,1,0.1,0.1,12720,870101,2.1506354700031807
1,iterative,dual,warm,291,160,0.5,0.1,fixed,3000,3000,0,1,0.1,0.1,12720,873101,2.1982594369983417
1,iterative,dual,warm,292,160,0.5,0.1,fixed,3000,3000,0,1,0.1,0.1,12720,876101,2.2168820790029713
1,iterative,dual,warm,293,160,0.5,0.1,fixed,3000,3000,0,1,0.1,0.1,12720,879101,2.2363456129969563
1,iterative,dual,warm,294,160,0.5,0.1,fixed,3000,3000,0,1,0.1,0.1,12720,882101,2.264585156000976
1,iterative,dual,warm,295,160,0.5,0.1,fixed,3000,3000,0,1,0.1,0.1,12720,885101,2.2652273569983663
1,iterative,dual,warm,296,160,0.5,0.1,fixed,3000,3000,0,1,0.1,0.1,12720,888101,2.274780935003946
1,iterative,dual,warm,297,160,0.5,0.1,fixed,3000,3000,0,1,0.1,0.1,12720,891101,2.2875587349990383
1,iterative,dual,warm,298,160,0.5,0.1,fixed,3000,3000,0,1,0.1,0.1,12720,894101,2.2820593289943645
1,iterative,dual,warm,299,160,0.5,0.1,fixed,3000,3000,0,1,0.1,0.1,12720,897101,2.298526065002079
1,iterative,dual,warm,300,160,0.5,0.1,fixed,3000,3000,0,1,0.1,0.1,12720,900101,2.3112033959987457
1,iterative,dual,warm,301,160,0.5,0.1,fixed,3000,3000,0,1,0.1,0.1,12720,903101,2.3095387680004933
1,iterative,dual,warm,302,160,0.5,0.1,fixed,3000,3000,0,1,0.1,0.1,12720,906101,2.2767580700019607
1,iterative,dual,warm,303,160,0.5,0.1,fixed,3000,3000,0,1,0.1,0.1,12720,909101,2.3464557510014856
1,iterative,dual,warm,304,160,0.5,0.1,fixed,3000,3000,0,1,0.1,0.1,12720,912101,2.3252481620002072
1,iterative,dual,warm,305,160,0.5,0.1,fixed,3000,3000,0,1,0.1,0.1,12720,915101,2.377861417000531
1,iterative,dual,warm,306,160,0.5,0.1,fixed,3000,3000,0,1,0.1,0.1,12720,918101,2.3768891649961006
1,iterative,dual,warm,307,160,0.5,0.1,fixed,3000,3000,0,1,0.1,0.1,12720,921101,2.3388155919965357
1,iterative,dual,warm,308,160,0.5,0.1,fixed,3000,3000,0,1,0.1,0.1,12720,924101,2.3872509200009517
1,iterative,dual,warm,309,160,0.5,0.1,fixed,3000,3000,0,1,0.1,0.1,12720,927101,2.40648262600007
1,iterative,dual,warm,310,160,0.5,0.1,fixed,3000,3000,0,1,0.1,0.1,12720,930101,2.3965641780014266
1,iterative,dual,warm,311,160,0.5,0.1,fixed,3000,3000,0,1,0.1,0.1,12720,933101,2.4327013910005917
1,iterative,dual,warm,312,160,0.5,0.1,fixed,3000,3000,0,1,0.1,0.1,12720,936101,2.441299071004323
1,iterative,dual,warm,313,160,0.5,0.1,fixed,3000,3000,0,1,0.1,1,12720,939101,2.406004930002382
1,iterative,dual,warm,314,160,0.5,0.1,fixed,3000,3000,0,1,0.1,1,12720,942101,2.4525746340004844
1,iterative,dual,warm,315,160,0.5,0.1,fixed,3000,3000,0,1,0.1,1,12720,945101,2.4460316369950306
1,iterative,dual,warm,316,160,0.5,0.1,fixed,3000,3000,0,1,0.1,1,12720,948101,2.4734324590026517
1,iterative,dual,warm,317,160,0.5,0.1,fixed,3000,3000,0,1,0.1,1,12720,951101,2.4364953159965808
1,iterative,dual,warm,318,160,0.5,0.1,fixed,3000,3000,0,1,0.1,1,12720,954101,2.496296846002224
1,iterative,dual,warm,319,160,0.5,0.1,fixed,3000,3000,0,1,0.1,1,12720,957101,2.5139328650038806
1,iterative,dual,warm,320,160,0.5,0.1,fixed,3000,3000,0,1,0.1,1,12720,960101,2.5153976069996133
1,iterative,dual,warm,321,160,0.5,0.1,fixed,3000,3000,0,1,0.1,1,12720,963101,2.513396376998571
1,iterative,dual,warm,322,160,0.5,0.1,fixed,3000,3000,0,1,0.1,1,12720,965884,2.5129148280029767
2,once,auto,cold,0,160,0.5,0.1,fixed,3000,2679680,2679680,2,1,1,12720,2679681,16963.778644800004
2,iterative,dual,warm,0,160,0.5,0.1,fixed,3000,100,100,2,1,1,12720,101,0.02490391899482347
2,iterative,dual,warm,1,160,0.5,0.1,fixed,3000,3000,0,2,1,1,12720,3101,0.5006877519990667
2,iterative,dual,warm,2,160,0.5,0.1,fixed,3000,3000,0,2,1,1,12720,6101,0.9111492059964803
2,iterative,dual,warm,3,160,0.5,0.1,fixed,3000,3000,0,2,1,1,12720,9101,0.5180921419960214
2,iterative,dual,warm,4,160,0.5,0.1,fixed,3000,3000,0,2,1,1,12720,12101,46.665308627998456
2,iterative,dual,warm,5,160,0.5,0.1,fixed,3000,3000,0,2,1,1,12720,15101,263.9549137789945
2,iterative,dual,warm,6,160,0.5,0.1,fixed,3000,3000,0,2,1,1,12720,18101,499.6646599480009
2,iterative,dual,warm,7,160,0.5,0.1,fixed,3000,3000,0,2,1,1,12720,21101,276.1304607639977
2,iterative,dual,warm,8,160,0.5,0.1,fixed,3000,3000,0,2,1,1,12720,24101,0.32386802999826614
2,iterative,dual,warm,9,160,0.5,0.1,fixed,3000,3000,0,2,1,1,12720,27101,0.09713283099699765
2,iterative,dual,warm,10,160,0.5,0.1,fixed,3000,3000,0,2,1,1,12720,30101,0.09777363699686248
2,iterative,dual,warm,11,160,0.5,0.1,fixed,3000,3000,0,2,1,1,12720,33101,0.10527505700156325
2,iterative,dual,warm,12,160,0.5,0.1,fixed,3000,3000,0,2,1,1,12720,36101,0.10685767499671783
2,iterative,dual,warm,13,160,0.5,0.1,fixed,3000,3000,0,2,1,1,12720,39101,0.11201496199646499
2,iterative,dual,warm,14,160,0.5,0.1,fixed,3000,3000,0,2,1,1,12720,42101,0.11030374700203538
2,iterative,dual,warm,15,160,0.5,0.1,fixed,3000,3000,0,2,1,1,12720,45101,0.12055563499598065
2,iterative,dual,warm,16,160,0.5,0.1,fixed,3000,3000,0,2,1,1,12720,48101,0.12353495299612405
2,iterative,dual,warm,17,160,0.5,0.1,fixed,3000,3000,0,2,1,1,12720,51101,0.12973676299588988
2,iterative,dual,warm,18,160,0.5,0.1,fixed,3000,3000,0,2,1,1,12720,54101,0.1324244319985155
2,iterative,dual,warm,19,160,0.5,0.1,fixed,3000,3000,0,2,1,1,12720,57101,0.13618812499771593
2,iterative,dual,warm,20,160,0.5,0.1,fixed,3000,3000,0,2,1,1,12720,60101,0.1361278249969473
2,iterative,dual,warm,21,160,0.5,0.1,fixed,3000,3000,0,2,1,1,12720,63101,0.14102296099736122
2,iterative,dual,warm,22,160,0.5,0.1,fixed,3000,3000,0,2,1,1,12720,66101,0.1527518200018676
2,iterative,dual,warm,23,160,0.5,0.1,fixed,3000,3000,0,2,1,1,12720,69101,0.1639148579997709
2,iterative,dual,warm,24,160,0.5,0.1,fixed,3000,3000,0,2,1,1,12720,72101,0.1564267590001691
2,iterative,dual,warm,25,160,0.5,0.1,fixed,3000,3000,0,2,1,1,12720,75101,0.16697245399700478
2,iterative,dual,warm,26,160,0.5,0.1,fixed,3000,3000,0,2,1,1,12720,78101,0.16924525699869264
2,iterative,dual,warm,27,160,0.5,0.1,fixed,3000,3000,0,2,1,1,12720,81101,0.16136262999498285
2,iterative,dual,warm,28,160,0.5,0.1,fixed,3000,3000,0,2,1,1,12720,84101,0.1695729159982875
2,iterative,dual,warm,29,160,0.5,0.1,fixed,3000,3000,0,2,1,1,12720,87101,0.16911380999954417
2,iterative,dual,warm,30,160,0.5,0.1,fixed,3000,3000,0,2,1,1,12720,90101,0.17633200399723137
2,iterative,dual,warm,31,160,0.5,0.1,fixed,3000,3000,0,2,1,1,12720,93101,0.17807702999562025
2,iterative,dual,warm,32,160,0.5,0.1,fixed,3000,3000,0,2,1,1,12720,96101,0.18305823300033808
2,iterative,dual,warm,33,160,0.5,0.1,fixed,3000,3000,0,2,1,1,12720,99101,0.18878701199719217
2,iterative,dual,warm,34,160,0.5,0.1,fixed,3000,3000,0,2,1,1,12720,102101,0.19506088199705118
2,iterative,dual,warm,35,160,0.5,0.1,fixed,3000,3000,0,2,1,1,12720,105101,0.1992931540007703
2,iterative,dual,warm,36,160,0.5,0.1,fixed,3000,3000,0,2,1,1,12720,108101,0.20241465300205164
2,iterative,dual,warm,37,160,0.5,0.1,fixed,3000,3000,0,2,1,1,12720,111101,0.21000631999777397
2,iterative,dual,warm,38,160,0.5,0.1,fixed,3000,3000,0,2,1,1,12720,114101,0.21126608999475138
2,iterative,dual,warm,39,160,0.5,0.1,fixed,3000,3000,0,2,1,1,12720,117101,0.2165921320047346
2,iterative,dual,warm,40,160,0.5,0.1,fixed,3000,3000,0,2,1,1,12720,120101,0.22170964899851242
2,iterative,dual,warm,41,160,0.5,0.1,fixed,3000,3000,0,2,1,1,12720,123101,0.22681130999990273
2,iterative,dual,warm,42,160,0.5,0.1,fixed,3000,3000,0,2,1,1,12720,126101,0.23368289900099626
2,iterative,dual,warm,43,160,0.5,0.1,fixed,3000,3000,0,2,1,1,12720,129101,0.249507866006752
2,iterative,dual,warm,44,160,0.5,0.1,fixed,3000,3000,0,2,1,1,12720,132101,0.26605492499948014
2,iterative,dual,warm,45,160,0.5,0.1,fixed,3000,3000,0,2,1,1,12720,135101,0.2937137469998561
2,iterative,dual,warm,46,160,0.5,0.1,fixed,3000,3000,0,2,1,1,12720,138101,0.28899300399643835
2,iterative,dual,warm,47,160,0.5,0.1,fixed,3000,3000,0,2,1,1,12720,141101,0.29462127899751067
2,iterative,dual,warm,48,160,0.5,0.1,fixed,3000,3000,0,2,1,1,12720,144101,0.277216511000006
2,iterative,dual,warm,49,160,0.5,0.1,fixed,3000,3000,0,2,1,1,12720,147101,0.2999449060007464
2,iterative,dual,warm,50,160,0.5,0.1,fixed,3000,3000,0,2,1,1,12720,150101,0.303371067995613
2,iterative,dual,warm,51,160,0.5,0.1,fixed,3000,3000,0,2,1,1,12720,153101,0.3060052340006223
2,iterative,dual,warm,52,160,0.5,0.1,fixed,3000,3000,0,2,1,1,12720,156101,0.37151513600110775
2,iterative,dual,warm,53,160,0.5,0.1,fixed,3000,3000,0,2,1,1,12720,159101,0.35614676600380335
2,iterative,dual,warm,54,160,0.5,0.1,fixed,3000,3000,0,2,1,1,12720,162101,0.3534422390002874
2,iterative,dual,warm,55,160,0.5,0.1,fixed,3000,3000,0,2,1,1,12720,165101,0.3859308129976853
2,iterative,dual,warm,56,160,0.5,0.1,fixed,3000,3000,0,2,1,1,12720,168101,0.37318104099540506
2,iterative,dual,warm,57,160,0.5,0.1,fixed,3000,3000,0,2,1,1,12720,171101,0.3922877139993943
2,iterative,dual,warm,58,160,0.5,0.1,fixed,3000,3000,0,2,1,1,12720,174101,0.4136270119997789
2,iterative,dual,warm,59,160,0.5,0.1,fixed,3000,3000,0,2,1,1,12720,177101,0.3995206190011231
2,iterative,dual,warm,60,160,0.5,0.1,fixed,3000,3000,0,2,1,1,12720,180101,0.4357649160010624
2,iterative,dual,warm,61,160,0.5,0.1,fixed,3000,3000,0,2,1,1,12720,183101,0.3975674000030267
2,iterative,dual,warm,62,160,0.5,0.1,fixed,3000,3000,0,2,1,1,12720,186101,0.4421618970009149
2,iterative,dual,warm,63,160,0.5,0.1,fixed,3000,3000,0,2,1,1,12720,189101,0.431222995997814
2,iterative,dual,warm,64,160,0.5,0.1,fixed,3000,3000,0,2,1,1,12720,192101,0.48609189599665115
2,iterative,dual,warm,65,160,0.5,0.1,fixed,3000,3000,0,2,1,1,12720,195101,0.5054784830062999
2,iterative,dual,warm,66,160,0.5,0.1,fixed,3000,3000,0,2,1,1,12720,198101,0.4867950610059779
2,iterative,dual,warm,67,160,0.5,0.1,fixed,3000,3000,0,2,1,1,12720,201101,0.502684514001885
2,iterative,dual,warm,68,160,0.5,0.1,fixed,3000,3000,0,2,1,1,12720,204101,0.4849111380026443
2,iterative,dual,warm,69,160,0.5,0.1,fixed,3000,3000,0,2,1,1,12720,207101,0.45411999699717853
2,iterative,dual,warm,70,160,0.5,0.1,fixed,3000,3000,0,2,1,1,12720,210101,0.5119871320057428
2,iterative,dual,warm,71,160,0.5,0.1,fixed,3000,3000,0,2,1,1,12720,213101,0.43388286299887113
2,iterative,dual,warm,72,160,0.5,0.1,fixed,3000,3000,0,2,1,1,12720,216101,0.4457232739950996
2,iterative,dual,warm,73,160,0.5,0.1,fixed,3000,3000,0,2,1,1,12720,219101,0.4454446140007349
2,iterative,dual,warm,74,160,0.5,0.1,fixed,3000,3000,0,2,1,1,12720,222101,0.45006945899513084
2,iterative,dual,warm,75,160,0.5,0.1,fixed,3000,3000,0,2,1,1,12720,225101,0.542479486000957
2,iterative,dual,warm,76,160,0.5,0.1,fixed,3000,3000,0,2,1,1,12720,228101,0.5515403649988002
2,iterative,dual,warm,77,160,0.5,0.1,fixed,3000,3000,0,2,1,1,12720,231101,0.5824258029970224
2,iterative,dual,warm,78,160,0.5,0.1,fixed,3000,3000,0,2,1,1,12720,234101,0.48884783100220375
2,iterative,dual,warm,79,160,0.5,0.1,fixed,3000,3000,0,2,1,1,12720,237101,0.5760508259991184
2,iterative,dual,warm,80,160,0.5,0.1,fixed,3000,3000,0,2,1,1,12720,240101,0.5713789430010365
2,iterative,dual,warm,81,160,0.5,0.1,fixed,3000,3000,0,2,1,1,12720,243101,0.509078152004804
2,iterative,dual,warm,82,160,0.5,0.1,fixed,3000,3000,0,2,1,1,12720,246101,0.5369820620035171
2,iterative,dual,warm,83,160,0.5,0.1,fixed,3000,3000,0,2,1,1,12720,249101,0.5527826789984829
2,iterative,dual,warm,84,160,0.5,0.1,fixed,3000,3000,0,2,1,1,12720,252101,0.5510926690039923
2,iterative,dual,warm,85,160,0.5,0.1,fixed,3000,3000,0,2,1,1,12720,255101,0.5649447709947708
2,iterative,dual,warm,86,160,0.5,0.1,fixed,3000,3000,0,2,1,1,12720,258101,0.578029181000602
2,iterative,dual,warm,87,160,0.5,0.1,fixed,3000,3000,0,2,1,1,12720,261101,0.5473719689980499
2,iterative,dual,warm,88,160,0.5,0.1,fixed,3000,3000,0,2,1,1,12720,264101,0.5330654939971282
2,iterative,dual,warm,89,160,0.5,0.1,fixed,3000,3000,0,2,1,1,12720,267101,0.5462325080006849
2,iterative,dual,warm,90,160,0.5,0.1,fixed,3000,3000,0,2,1,1,12720,270101,0.610155117996328
2,iterative,dual,warm,91,160,0.5,0.1,fixed,3000,3000,0,2,1,1,12720,273101,0.6337028729976737
2,iterative,dual,warm,92,160,0.5,0.1,fixed,3000,3000,0,2,1,1,12720,276101,0.5878441369932261
2,iterative,dual,warm,93,160,0.5,0.1,fixed,3000,3000,0,2,1,1,12720,279101,0.5952742739973473
2,iterative,dual,warm,94,160,0.5,0.1,fixed,3000,3000,0,2,1,1,12720,282101,0.6611412959973677
2,iterative,dual,warm,95,160,0.5,0.1,fixed,3000,3000,0,2,1,1,12720,285101,0.6005776599995443
2,iterative,dual,warm,96,160,0.5,0.1,fixed,3000,3000,0,2,1,1,12720,288101,0.5981472480052616
2,iterative,dual,warm,97,160,0.5,0.1,fixed,3000,3000,0,2,1,1,12720,291101,0.6835890009970171
2,iterative,dual,warm,98,160,0.5,0.1,fixed,3000,3000,0,2,1,1,12720,294101,0.6599777700030245
2,iterative,dual,warm,99,160,0.5,0.1,fixed,3000,3000,0,2,1,1,12720,297101,0.59923602300114
2,iterative,dual,warm,100,160,0.5,0.1,fixed,3000,3000,0,2,1,1,12720,300101,0.6519424750003964
2,iterative,dual,warm,101,160,0.5,0.1,fixed,3000,3000,0,2,1,1,12720,303101,0.6596290149973356
2,iterative,dual,warm,102,160,0.5,0.1,fixed,3000,3000,0,2,1,1,12720,306101,0.716092602997378
2,iterative,dual,warm,103,160,0.5,0.1,fixed,3000,3000,0,2,1,1,12720,309101,0.6699206289995345
2,iterative,dual,warm,104,160,0.5,0.1,fixed,3000,3000,0,2,1,1,12720,312101,0.7017410210028174
2,iterative,dual,warm,105,160,0.5,0.1,fixed,3000,3000,0,2,1,1,12720,315101,0.73875786899589
2,iterative,dual,warm,106,160,0.5,0.1,fixed,3000,3000,0,2,1,1,12720,318101,0.6894976789990324
2,iterative,dual,warm,107,160,0.5,0.1,fixed,3000,3000,0,2,1,1,12720,321101,0.7012734699965222
2,iterative,dual,warm,108,160,0.5,0.1,fixed,3000,3000,0,2,1,1,12720,324101,0.6922063439997146
2,iterative,dual,warm,109,160,0.5,0.1,fixed,3000,3000,0,2,1,1,12720,327101,0.7545524270026363
2,iterative,dual,warm,110,160,0.5,0.1,fixed,3000,3000,0,2,1,1,12720,330101,0.7148167199993622
2,iterative,dual,warm,111,160,0.5,0.1,fixed,3000,3000,0,2,1,1,12720,333101,0.6939218400002574
2,iterative,dual,warm,112,160,0.5,0.1,fixed,3000,3000,0,2,1,1,12720,336101,0.690745866006182
2,iterative,dual,warm,113,160,0.5,0.1,fixed,3000,3000,0,2,1,1,12720,339101,0.6934831599937752
2,iterative,dual,warm,114,160,0.5,0.1,fixed,3000,3000,0,2,1,1,12720,342101,0.7150508560007438
2,iterative,dual,warm,115,160,0.5,0.1,fixed,3000,3000,0,2,1,1,12720,345101,0.7492890709982021
2,iterative,dual,warm,116,160,0.5,0.1,fixed,3000,3000,0,2,1,1,12720,348101,0.7374308979997295
2,iterative,dual,warm,117,160,0.5,0.1,fixed,3000,3000,0,2,1,1,12720,351101,0.751065231001121
2,iterative,dual,warm,118,160,0.5,0.1,fixed,3000,3000,0,2,1,1,12720,354101,0.7170695769964368
2,iterative,dual,warm,119,160,0.5,0.1,fixed,3000,3000,0,2,1,1,12720,357101,0.7490931270003784
2,iterative,dual,warm,120,160,0.5,0.1,fixed,3000,3000,0,2,1,1,12720,360101,0.77543422600138
2,iterative,dual,warm,121,160,0.5,0.1,fixed,3000,3000,0,2,1,1,12720,363101,0.777246687997831
2,iterative,dual,warm,122,160,0.5,0.1,fixed,3000,3000,0,2,1,1,12720,366101,0.7574769130005734
2,iterative,dual,warm,123,160,0.5,0.1,fixed,3000,3000,0,2,1,1,12720,369101,0.7737756420028745
2,iterative,dual,warm,124,160,0.5,0.1,fixed,3000,3000,0,2,1,1,12720,372101,0.7539606729988009
2,iterative,dual,warm,125,160,0.5,0.1,fixed,3000,3000,0,2,1,1,12720,375101,0.7901630550040863
2,iterative,dual,warm,126,160,0.5,0.1,fixed,3000,3000,0,2,1,1,12720,378101,0.7900083220010856
2,iterative,dual,warm,127,160,0.5,0.1,fixed,3000,3000,0,2,1,1,12720,381101,0.7897213229953195
2,iterative,dual,warm,128,160,0.5,0.1,fixed,3000,3000,0,2,1,1,12720,384101,0.7889262229946326
2,iterative,dual,warm,129,160,0.5,0.1,fixed,3000,3000,0,2,1,1,12720,387101,0.8034822839981643
2,iterative,dual,warm,130,160,0.5,0.1,fixed,3000,3000,0,2,1,1,12720,390101,0.8000528909979039
2,iterative,dual,warm,131,160,0.5,0.1,fixed,3000,3000,0,2,1,1,12720,393101,0.8462136980015202
2,iterative,dual,warm,132,160,0.5,0.1,fixed,3000,3000,0,2,1,1,12720,396101,0.8554148979965248
2,iterative,dual,warm,133,160,0.5,0.1,fixed,3000,3000,0,2,1,1,12720,399101,0.8662319679933717
2,iterative,dual,warm,134,160,0.5,0.1,fixed,3000,3000,0,2,1,1,12720,402101,0.880786342000647
2,iterative,dual,warm,135,160,0.5,0.1,fixed,3000,3000,0,2,1,1,12720,405101,0.8689290309994249
2,iterative,dual,warm,136,160,0.5,0.1,fixed,3000,3000,0,2,1,1,12720,408101,0.8983253149999655
2,iterative,dual,warm,137,160,0.5,0.1,fixed,3000,3000,0,2,1,1,12720,411101,0.9798785350067192
2,iterative,dual,warm,138,160,0.5,0.1,fixed,3000,3000,0,2,1,1,12720,414101,0.9783889980026288
2,iterative,dual,warm,139,160,0.5,0.1,fixed,3000,3000,0,2,1,1,12720,417101,1.0699505370066618
2,iterative,dual,warm,140,160,0.5,0.1,fixed,3000,3000,0,2,1,1,12720,420101,1.0437821070008795
2,iterative,dual,warm,141,160,0.5,0.1,fixed,3000,3000,0,2,1,1,12720,423101,1.3634335160022601
2,iterative,dual,warm,142,160,0.5,0.1,fixed,3000,3000,0,2,1,1,12720,426101,1.1214413739944575
2,iterative,dual,warm,143,160,0.5,0.1,fixed,3000,3000,0,2,1,1,12720,429101,1.0126858160001575
2,iterative,dual,warm,144,160,0.5,0.1,fixed,3000,3000,0,2,1,1,12720,432101,1.0791744649977772
2,iterative,dual,warm,145,160,0.5,0.1,fixed,3000,3000,0,2,1,1,12720,435101,1.1113294649985619
2,iterative,dual,warm,146,160,0.5,0.1,fixed,3000,3000,0,2,1,1,12720,438101,1.106510271994921
2,iterative,dual,warm,147,160,0.5,0.1,fixed,3000,3000,0,2,1,1,12720,441101,1.237731002001965
2,iterative,dual,warm,148,160,0.5,0.1,fixed,3000,3000,0,2,1,1,12720,444101,1.0482280350042856
2,iterative,dual,warm,149,160,0.5,0.1,fixed,3000,3000,0,2,1,1,12720,447101,1.1396898310049437
2,iterative,dual,warm,150,160,0.5,0.1,fixed,3000,3000,0,2,1,1,12720,450101,1.1771864850015845
2,iterative,dual,warm,151,160,0.5,0.1,fixed,3000,3000,0,2,1,1,12720,453101,1.169238280999707
2,iterative,dual,warm,152,160,0.5,0.1,fixed,3000,3000,0,2,1,1,12720,456101,1.1896038289996795
2,iterative,dual,warm,153,160,0.5,0.1,fixed,3000,3000,0,2,1,1,12720,459101,1.171712531002413
2,iterative,dual,warm,154,160,0.5,0.1,fixed,3000,3000,0,2,1,1,12720,462101,1.2118790690001333
2,iterative,dual,warm,155,160,0.5,0.1,fixed,3000,3000,0,2,1,1,12720,465101,1.2068691439999384
2,iterative,dual,warm,156,160,0.5,0.1,fixed,3000,3000,0,2,1,1,12720,468101,1.2432299020001665
2,iterative,dual,warm,157,160,0.5,0.1,fixed,3000,3000,0,2,1,1,12720,471101,1.2249095269944519
2,iterative,dual,warm,158,160,0.5,0.1,fixed,3000,3000,0,2,1,1,12720,474101,1.2285981410022941
2,iterative,dual,warm,159,160,0.5,0.1,fixed,3000,3000,0,2,1,1,12720,477101,1.2785615660031908
2,iterative,dual,warm,160,160,0.5,0.1,fixed,3000,3000,0,2,1,1,12720,480101,1.297794015998079
2,iterative,dual,warm,161,160,0.5,0.1,fixed,3000,3000,0,2,1,1,12720,483101,1.3878232720016968
2,iterative,dual,warm,162,160,0.5,0.1,fixed,3000,3000,0,2,1,1,12720,486101,1.4161956190000637
2,iterative,dual,warm,163,160,0.5,0.1,fixed,3000,3000,0,2,1,1,12720,489101,1.3469392109982437
2,iterative,dual,warm,164,160,0.5,0.1,fixed,3000,3000,0,2,1,1,12720,492101,1.3253367419965798
2,iterative,dual,warm,165,160,0.5,0.1,fixed,3000,3000,0,2,1,1,12720,495101,1.2300417900041793
2,iterative,dual,warm,166,160,0.5,0.1,fixed,3000,3000,0,2,1,1,12720,498101,1.3036568909956259
2,iterative,dual,warm,167,160,0.5,0.1,fixed,3000,3000,0,2,1,1,12720,501101,1.2519631259929156
2,iterative,dual,warm,168,160,0.5,0.1,fixed,3000,3000,0,2,1,1,12720,504101,1.2363657879977836
2,iterative,dual,warm,169,160,0.5,0.1,fixed,3000,3000,0,2,1,1,12720,507101,1.264284022996435
2,iterative,dual,warm,170,160,0.5,0.1,fixed,3000,3000,0,2,1,1,12720,510101,1.3698564630030887
2,iterative,dual,warm,171,160,0.5,0.1,fixed,3000,3000,0,2,1,1,12720,513101,1.297717059002025
2,iterative,dual,warm,172,160,0.5,0.1,fixed,3000,3000,0,2,1,1,12720,516101,1.3971457209991058
2,iterative,dual,warm,173,160,0.5,0.1,fixed,3000,3000,0,2,1,1,12720,519101,1.4310208289971342
2,iterative,dual,warm,174,160,0.5,0.1,fixed,3000,3000,0,2,1,1,12720,522101,1.2941580479964614
2,iterative,dual,warm,175,160,0.5,0.1,fixed,3000,3000,0,2,1,1,12720,525101,1.290369782000198
2,iterative,dual,warm,176,160,0.5,0.1,fixed,3000,3000,0,2,1,1,12720,528101,1.4056736220009043
2,iterative,dual,warm,177,160,0.5,0.1,fixed,3000,3000,0,2,1,1,12720,531101,1.4575247579996358
2,iterative,dual,warm,178,160,0.5,0.1,fixed,3000,3000,0,2,1,1,12720,534101,1.2903543840002385
2,iterative,dual,warm,179,160,0.5,0.1,fixed,3000,3000,0,2,1,1,12720,537101,1.4078378429985605
2,iterative,dual,warm,180,160,0.5,0.1,fixed,3000,3000,0,2,1,1,12720,540101,1.3554711799952202
2,iterative,dual,warm,181,160,0.5,0.1,fixed,3000,3000,0,2,1,1,12720,543101,1.3044018330037943
2,iterative,dual,warm,182,160,0.5,0.1,fixed,3000,3000,0,2,1,1,12720,546101,1.3063661810010672
2,iterative,dual,warm,183,160,0.5,0.1,fixed,3000,3000,0,2,1,1,12720,549101,1.2942844279968995
2,iterative,dual,warm,184,160,0.5,0.1,fixed,3000,3000,0,2,1,1,12720,552101,1.3948840759985615
2,iterative,dual,warm,185,160,0.5,0.1,fixed,3000,3000,0,2,1,1,12720,555101,1.3696546470018802
2,iterative,dual,warm,186,160,0.5,0.1,fixed,3000,3000,0,2,1,1,12720,558101,1.4178168309954344
2,iterative,dual,warm,187,160,0.5,0.1,fixed,3000,3000,0,2,1,1,12720,561101,1.3728917139960686
2,iterative,dual,warm,188,160,0.5,0.1,fixed,3000,3000,0,2,1,1,12720,564101,1.3624092390018632
2,iterative,dual,warm,189,160,0.5,0.1,fixed,3000,3000,0,2,1,1,12720,567101,1.4244312059963704
2,iterative,dual,warm,190,160,0.5,0.1,fixed,3000,3000,0,2,1,1,12720,570101,1.3844105600001058
2,iterative,dual,warm,191,160,0.5,0.1,fixed,3000,3000,0,2,1,1,12720,573101,1.4084277630026918
2,iterative,dual,warm,192,160,0.5,0.1,fixed,3000,3000,0,2,1,1,12720,576101,1.4969746459973976
2,iterative,dual,warm,193,160,0.5,0.1,fixed,3000,3000,0,2,1,1,12720,579101,1.383137047989294
2,iterative,dual,warm,194,160,0.5,0.1,fixed,3000,3000,0,2,1,1,12720,582101,1.3913445559883257
2,iterative,dual,warm,195,160,0.5,0.1,fixed,3000,3000,0,2,1,1,12720,585101,1.4071078749984736
2,iterative,dual,warm,196,160,0.5,0.1,fixed,3000,3000,0,2,1,1,12720,588101,1.4238882409990765
2,iterative,dual,warm,197,160,0.5,0.1,fixed,3000,3000,0,2,1,1,12720,591101,1.4888734800042585
2,iterative,dual,warm,198,160,0.5,0.1,fixed,3000,3000,0,2,1,1,12720,594101,1.6661017989972606
2,iterative,dual,warm,199,160,0.5,0.1,fixed,3000,3000,0,2,1,1,12720,597101,1.786641894999775
2,iterative,dual,warm,200,160,0.5,0.1,fixed,3000,3000,0,2,1,1,12720,600101,1.4843728419946274
2,iterative,dual,warm,201,160,0.5,0.1,fixed,3000,3000,0,2,1,1,12720,603101,1.5461935100029223
2,iterative,dual,warm,202,160,0.5,0.1,fixed,3000,3000,0,2,1,1,12720,606101,1.53334553600871
2,iterative,dual,warm,203,160,0.5,0.1,fixed,3000,3000,0,2,1,1,12720,609101,1.6927064000046812
2,iterative,dual,warm,204,160,0.5,0.1,fixed,3000,3000,0,2,1,1,12720,612101,1.7214988530031405
2,iterative,dual,warm,205,160,0.5,0.1,fixed,3000,3000,0,2,1,1,12720,615101,1.6852201040019281
2,iterative,dual,warm,206,160,0.5,0.1,fixed,3000,3000,0,2,1,1,12720,618101,1.746504267997807
2,iterative,dual,warm,207,160,0.5,0.1,fixed,3000,3000,0,2,1,1,12720,621101,1.792586906987708
2,iterative,dual,warm,208,160,0.5,0.1,fixed,3000,3000,0,2,1,1,12720,624101,1.4597044669935713
2,iterative,dual,warm,209,160,0.5,0.1,fixed,3000,3000,0,2,1,1,12720,627101,1.4835279899998568
2,iterative,dual,warm,210,160,0.5,0.1,fixed,3000,3000,0,2,1,1,12720,630101,1.5311459390068194
2,iterative,dual,warm,211,160,0.5,0.1,fixed,3000,3000,0,2,1,1,12720,633101,1.6781948089919752
2,iterative,dual,warm,212,160,0.5,0.1,fixed,3000,3000,0,2,1,1,12720,636101,1.5811799060029443
2,iterative,dual,warm,213,160,0.5,0.1,fixed,3000,3000,0,2,1,1,12720,639101,1.5663347669906216
2,iterative,dual,warm,214,160,0.5,0.1,fixed,3000,3000,0,2,1,1,12720,642101,1.770031021995237
2,iterative,dual,warm,215,160,0.5,0.1,fixed,3000,3000,0,2,1,1,12720,645101,1.674447933997726
2,iterative,dual,warm,216,160,0.5,0.1,fixed,3000,3000,0,2,1,1,12720,648101,1.6313494450005237
2,iterative,dual,warm,217,160,0.5,0.1,fixed,3000,3000,0,2,1,1,12720,651101,1.5607792170048924
2,iterative,dual,warm,218,160,0.5,0.1,fixed,3000,3000,0,2,1,1,12720,654101,1.6734879089926835
2,iterative,dual,warm,219,160,0.5,0.1,fixed,3000,3000,0,2,1,1,12720,657101,1.733286365008098
2,iterative,dual,warm,220,160,0.5,0.1,fixed,3000,3000,0,2,1,1,12720,660101,1.6778788630035706
2,iterative,dual,warm,221,160,0.5,0.1,fixed,3000,3000,0,2,1,1,12720,663101,1.6098136679938762
2,iterative,dual,warm,222,160,0.5,0.1,fixed,3000,3000,0,2,1,1,12720,666101,1.7951294649974443
2,iterative,dual,warm,223,160,0.5,0.1,fixed,3000,3000,0,2,1,1,12720,669101,1.6103878269932466
2,iterative,dual,warm,224,160,0.5,0.1,fixed,3000,3000,0,2,1,1,12720,672101,1.6960561480082106
2,iterative,dual,warm,225,160,0.5,0.1,fixed,3000,3000,0,2,1,1,12720,675101,1.7216666349995648
2,iterative,dual,warm,226,160,0.5,0.1,fixed,3000,3000,0,2,1,1,12720,678101,1.7150323670066427
2,iterative,dual,warm,227,160,0.5,0.1,fixed,3000,3000,0,2,1,1,12720,681101,1.7861403599963523
2,iterative,dual,warm,228,160,0.5,0.1,fixed,3000,3000,0,2,1,1,12720,684101,1.7191825170011725
2,iterative,dual,warm,229,160,0.5,0.1,fixed,3000,3000,0,2,1,1,12720,687101,1.9246829220064683
2,iterative,dual,warm,230,160,0.5,0.1,fixed,3000,3000,0,2,1,1,12720,690101,1.762611433994607
2,iterative,dual,warm,231,160,0.5,0.1,fixed,3000,3000,0,2,1,1,12720,693101,1.7536058230034541
2,iterative,dual,warm,232,160,0.5,0.1,fixed,3000,3000,0,2,1,1,12720,696101,1.739833098006784
2,iterative,dual,warm,233,160,0.5,0.1,fixed,3000,3000,0,2,1,1,12720,699101,1.5954615739901783
2,iterative,dual,warm,234,160,0.5,0.1,fixed,3000,3000,0,2,1,1,12720,702101,1.7940649390075123
2,iterative,dual,warm,235,160,0.5,0.1,fixed,3000,3000,0,2,1,1,12720,705101,1.853136693011038
2,iterative,dual,warm,236,160,0.5,0.1,fixed,3000,3000,0,2,1,1,12720,708101,1.853850080005941
2,iterative,dual,warm,237,160,0.5,0.1,fixed,3000,3000,0,2,1,1,12720,711101,1.7513430319959298
2,iterative,dual,warm,238,160,0.5,0.1,fixed,3000,3000,0,2,1,1,12720,714101,1.8126928950077854
2,iterative,dual,warm,239,160,0.5,0.1,fixed,3000,3000,0,2,1,1,12720,717101,1.8365131739992648
2,iterative,dual,warm,240,160,0.5,0.1,fixed,3000,3000,0,2,1,1,12720,720101,1.8641106659924844
2,iterative,dual,warm,241,160,0.5,0.1,fixed,3000,3000,0,2,1,1,12720,723101,1.969347790000029
2,iterative,dual,warm,242,160,0.5,0.1,fixed,3000,3000,0,2,1,1,12720,726101,1.7308341650059447
2,iterative,dual,warm,243,160,0.5,0.1,fixed,3000,3000,0,2,1,1,12720,729101,1.8605025199940428
2,iterative,dual,warm,244,160,0.5,0.1,fixed,3000,3000,0,2,1,1,12720,732101,1.9855979079875397
2,iterative,dual,warm,245,160,0.5,0.1,fixed,3000,3000,0,2,1,1,12720,735101,1.8597042450128356
2,iterative,dual,warm,246,160,0.5,0.1,fixed,3000,3000,0,2,1,1,12720,738101,2.502951557005872
2,iterative,dual,warm,247,160,0.5,0.1,fixed,3000,3000,0,2,1,1,12720,741101,2.225151178005035
2,iterative,dual,warm,248,160,0.5,0.1,fixed,3000,3000,0,2,1,1,12720,744101,1.872880641996744
2,iterative,dual,warm,249,160,0.5,0.1,fixed,3000,3000,0,2,1,1,12720,747101,1.9666989980032668
2,iterative,dual,warm,250,160,0.5,0.1,fixed,3000,3000,0,2,1,1,12720,750101,1.873109268999542
2,iterative,dual,warm,251,160,0.5,0.1,fixed,3000,3000,0,2,1,1,12720,753101,2.0291088430094533
2,iterative,dual,warm,252,160,0.5,0.1,fixed,3000,3000,0,2,1,1,12720,756101,2.036941457001376
2,iterative,dual,warm,253,160,0.5,0.1,fixed,3000,3000,0,2,1,1,12720,759101,1.8760237800015602
2,iterative,dual,warm,254,160,0.5,0.1,fixed,3000,3000,0,2,1,1,12720,762101,1.8509429179975996
2,iterative,dual,warm,255,160,0.5,0.1,fixed,3000,3000,0,2,1,1,12720,765101,2.118010835998575
2,iterative,dual,warm,256,160,0.5,0.1,fixed,3000,3000,0,2,1,1,12720,768101,1.9684713129972806
2,iterative,dual,warm,257,160,0.5,0.1,fixed,3000,3000,0,2,1,1,12720,771101,1.8763761310110567
2,iterative,dual,warm,258,160,0.5,0.1,fixed,3000,3000,0,2,1,1,12720,774101,1.9245234609988984
2,iterative,dual,warm,259,160,0.5,0.1,fixed,3000,3000,0,2,1,1,12720,777101,2.024600194999948
2,iterative,dual,warm,260,160,0.5,0.1,fixed,3000,3000,0,2,1,1,12720,780101,2.000627337998594
2,iterative,dual,warm,261,160,0.5,0.1,fixed,3000,3000,0,2,1,1,12720,783101,2.0035396470048
2,iterative,dual,warm,262,160,0.5,0.1,fixed,3000,3000,0,2,1,1,12720,786101,2.0110461250005756
2,iterative,dual,warm,263,160,0.5,0.1,fixed,3000,3000,0,2,1,1,12720,789101,2.1332161010068376
2,iterative,dual,warm,264,160,0.5,0.1,fixed,3000,3000,0,2,1,1,12720,792101,1.9751707700052066
2,iterative,dual,warm,265,160,0.5,0.1,fixed,3000,3000,0,2,1,1,12720,795101,2.103481843994814
2,iterative,dual,warm,266,160,0.5,0.1,fixed,3000,3000,0,2,1,1,12720,798101,2.1532906439970247
2,iterative,dual,warm,267,160,0.5,0.1,fixed,3000,3000,0,2,1,1,12720,801101,2.3713663809903665
2,iterative,dual,warm,268,160,0.5,0.1,fixed,3000,3000,0,2,1,1,12720,804101,2.4539327639940893
2,iterative,dual,warm,269,160,0.5,0.1,fixed,3000,3000,0,2,1,1,12720,807101,2.400557781002135
2,iterative,dual,warm,270,160,0.5,0.1,fixed,3000,3000,0,2,1,1,12720,810101,2.111263858998427
2,iterative,dual,warm,271,160,0.5,0.1,fixed,3000,3000,0,2,1,1,12720,813101,2.148357986996416
2,iterative,dual,warm,272,160,0.5,0.1,fixed,3000,3000,0,2,1,1,12720,816101,2.194480456004385
2,iterative,dual,warm,273,160,0.5,0.1,fixed,3000,3000,0,2,1,1,12720,819101,2.2477351519919466
2,iterative,dual,warm,274,160,0.5,0.1,fixed,3000,3000,0,2,1,1,12720,822101,2.2958602409926243
2,iterative,dual,warm,275,160,0.5,0.1,fixed,3000,3000,0,2,1,1,12720,825101,2.3220210159925045
2,iterative,dual,warm,276,160,0.5,0.1,fixed,3000,3000,0,2,1,1,12720,828101,2.2072505389951402
2,iterative,dual,warm,277,160,0.5,0.1,fixed,3000,3000,0,2,1,1,12720,831101,2.239974757001619
2,iterative,dual,warm,278,160,0.5,0.1,fixed,3000,3000,0,2,1,1,12720,834101,2.3589591619966086
2,iterative,dual,warm,279,160,0.5,0.1,fixed,3000,3000,0,2,1,1,12720,837101,2.141215027993894
2,iterative,dual,warm,280,160,0.5,0.1,fixed,3000,3000,0,2,1,1,12720,840101,2.1549369070125977
2,iterative,dual,warm,281,160,0.5,0.1,fixed,3000,3000,0,2,1,1,12720,843101,2.3231209509976907
2,iterative,dual,warm,282,160,0.5,0.1,fixed,3000,3000,0,2,1,1,12720,846101,2.302868421000312
2,iterative,dual,warm,283,160,0.5,0.1,fixed,3000,3000,0,2,1,1,12720,849101,2.2269434619956883
2,iterative,dual,warm,284,160,0.5,0.1,fixed,3000,3000,0,2,1,1,12720,852101,2.2466223200026434
2,iterative,dual,warm,285,160,0.5,0.1,fixed,3000,3000,0,2,1,1,12720,855101,2.4554669429926435
2,iterative,dual,warm,286,160,0.5,0.1,fixed,3000,3000,0,2,1,1,12720,858101,2.5072951759939315
2,iterative,dual,warm,287,160,0.5,0.1,fixed,3000,3000,0,2,1,1,12720,861101,2.25292578501103
2,iterative,dual,warm,288,160,0.5,0.1,fixed,3000,3000,0,2,1,1,12720,864101,2.382253336996655
2,iterative,dual,warm,289,160,0.5,0.1,fixed,3000,3000,0,2,1,1,12720,867101,2.276498951992835
2,iterative,dual,warm,290,160,0.5,0.1,fixed,3000,3000,0,2,1,1,12720,870101,2.305422723002266
2,iterative,dual,warm,291,160,0.5,0.1,fixed,3000,3000,0,2,1,1,12720,873101,2.582138527999632
2,iterative,dual,warm,292,160,0.5,0.1,fixed,3000,3000,0,2,1,1,12720,876101,2.3464272589917528
2,iterative,dual,warm,293,160,0.5,0.1,fixed,3000,3000,0,2,1,1,12720,879101,2.3006658750091447
2,iterative,dual,warm,294,160,0.5,0.1,fixed,3000,3000,0,2,1,1,12720,882101,2.281671792996349
2,iterative,dual,warm,295,160,0.5,0.1,fixed,3000,3000,0,2,1,1,12720,885101,2.3575005839957157
2,iterative,dual,warm,296,160,0.5,0.1,fixed,3000,3000,0,2,1,1,12720,888101,2.6449320599931525
2,iterative,dual,warm,297,160,0.5,0.1,fixed,3000,3000,0,2,1,1,12720,891101,2.6279404149972834
2,iterative,dual,warm,298,160,0.5,0.1,fixed,3000,3000,0,2,1,1,12720,894101,2.364368837996153
2,iterative,dual,warm,299,160,0.5,0.1,fixed,3000,3000,0,2,1,1,12720,897101,2.4134841519990005
2,iterative,dual,warm,300,160,0.5,0.1,fixed,3000,3000,0,2,1,1,12720,900101,2.5981781180016696
2,iterative,dual,warm,301,160,0.5,0.1,fixed,3000,3000,0,2,1,1,12720,903101,2.5478485909989104
2,iterative,dual,warm,302,160,0.5,0.1,fixed,3000,3000,0,2,1,1,12720,906101,2.4103014809952583
2,iterative,dual,warm,303,160,0.5,0.1,fixed,3000,3000,0,2,1,1,12720,909101,2.6247204480023356
2,iterative,dual,warm,304,160,0.5,0.1,fixed,3000,3000,0,2,1,1,12720,912101,2.5599124489963287
2,iterative,dual,warm,305,160,0.5,0.1,fixed,3000,3000,0,2,1,1,12720,915101,2.552829134001513
2,iterative,dual,warm,306,160,0.5,0.1,fixed,3000,3000,0,2,1,1,12720,918101,2.554494680996868
2,iterative,dual,warm,307,160,0.5,0.1,fixed,3000,3000,0,2,1,1,12720,921101,2.7240118740010075
2,iterative,dual,warm,308,160,0.5,0.1,fixed,3000,3000,0,2,1,1,12720,924101,2.449174740992021
2,iterative,dual,warm,309,160,0.5,0.1,fixed,3000,3000,0,2,1,1,12720,927101,2.541892490000464
2,iterative,dual,warm,310,160,0.5,0.1,fixed,3000,3000,0,2,1,1,12720,930101,2.657167424011277
2,iterative,dual,warm,311,160,0.5,0.1,fixed,3000,3000,0,2,1,1,12720,933101,2.7236062369920546
2,iterative,dual,warm,312,160,0.5,0.1,fixed,3000,3000,0,2,1,1,12720,936101,2.4536970100016333
2,iterative,dual,warm,313,160,0.5,0.1,fixed,3000,3000,0,2,1,1,12720,939101,2.375864282992552
2,iterative,dual,warm,314,160,0.5,0.1,fixed,3000,3000,0,2,1,1,12720,942101,2.5783360920031555
2,iterative,dual,warm,315,160,0.5,0.1,fixed,3000,3000,0,2,1,1,12720,945101,2.629088412009878
2,iterative,dual,warm,316,160,0.5,0.1,fixed,3000,3000,0,2,1,1,12720,948101,2.5850268180074636
2,iterative,dual,warm,317,160,0.5,0.1,fixed,3000,3000,0,2,1,1,12720,951101,2.513043259998085
2,iterative,dual,warm,318,160,0.5,0.1,fixed,3000,3000,0,2,1,1,12720,954101,2.6093647140078247
2,iterative,dual,warm,319,160,0.5,0.1,fixed,3000,3000,0,2,1,1,12720,957101,2.6056029200117337
2,iterative,dual,warm,320,160,0.5,0.1,fixed,3000,3000,0,2,1,1,12720,960101,2.694849952997174
2,iterative,dual,warm,321,160,0.5,0.1,fixed,3000,3000,0,2,1,1,12720,963101,2.5996646150015295
2,iterative,dual,warm,322,160,0.5,0.1,fixed,3000,3000,0,2,1,1,12720,966101,2.6731301109975902
2,iterative,dual,warm,323,160,0.5,0.1,fixed,3000,3000,0,2,1,1,12720,969101,2.721008057007566
2,iterative,dual,warm,324,160,0.5,0.1,fixed,3000,3000,0,2,1,1,12720,972101,2.383343955996679
2,iterative,dual,warm,325,160,0.5,0.1,fixed,3000,3000,0,2,1,1,12720,975101,2.353144314009114
2,iterative,dual,warm,326,160,0.5,0.1,fixed,3000,3000,0,2,1,1,12720,978101,2.435580718010897
2,iterative,dual,warm,327,160,0.5,0.1,fixed,3000,3000,0,2,1,1,12720,981101,2.4630610769963823
2,iterative,dual,warm,328,160,0.5,0.1,fixed,3000,3000,0,2,1,1,12720,984101,2.5126466429937864
2,iterative,dual,warm,329,160,0.5,0.1,fixed,3000,3000,0,2,1,1,12720,987101,2.517652092006756
2,iterative,dual,warm,330,160,0.5,0.1,fixed,3000,3000,0,2,1,1,12720,990101,2.534325208005612
2,iterative,dual,warm,331,160,0.5,0.1,fixed,3000,3000,0,2,1,1,12720,993101,2.5593558279942954
2,iterative,dual,warm,332,160,0.5,0.1,fixed,3000,3000,0,2,1,1,12720,996101,2.5682949949987233
2,iterative,dual,warm,333,160,0.5,0.1,fixed,3000,3000,0,2,1,1,12720,999101,2.6071688959927997
2,iterative,dual,warm,334,160,0.5,0.1,fixed,3000,3000,0,2,1,1,12720,1002101,2.5923578969959635
2,iterative,dual,warm,335,160,0.5,0.1,fixed,3000,3000,0,2,1,1,12720,1005101,2.625046574001317
2,iterative,dual,warm,336,160,0.5,0.1,fixed,3000,3000,0,2,1,1,12720,1006643,2.6047288660047343
3,once,auto,cold,0,160,0.5,0.1,fixed,10000,2679680,2679680,0,1,1,12720,2679681,16564.152190221008
3,iterative,dual,warm,0,160,0.5,0.1,fixed,10000,100,100,0,0.01,1,12720,101,0.028307799992035143
3,iterative,dual,warm,1,160,0.5,0.1,fixed,10000,10000,0,0,0.01,0.1,12720,10101,1.9530279710015748
3,iterative,dual,warm,2,160,0.5,0.1,fixed,10000,10000,0,0,0.01,0.1,12720,20101,562.7069368119992
3,iterative,dual,warm,3,160,0.5,0.1,fixed,10000,10000,0,0,0.01,0.1,12720,30101,159.37144405698928
3,iterative,dual,warm,4,160,0.5,0.1,fixed,10000,10000,0,0,0.01,0.1,12720,40101,0.25614077600766905
3,iterative,dual,warm,5,160,0.5,0.1,fixed,10000,10000,0,0,0.01,0.1,12720,50101,0.14387518999865279
3,iterative,dual,warm,6,160,0.5,0.1,fixed,10000,10000,0,0,0.01,0.1,12720,60101,0.16633595000894275
3,iterative,dual,warm,7,160,0.5,0.1,fixed,10000,10000,0,0,0.01,0.1,12720,70101,0.1797469510056544
3,iterative,dual,warm,8,160,0.5,0.1,fixed,10000,10000,0,0,0.01,0.1,12720,80101,0.20323071100574452
3,iterative,dual,warm,9,160,0.5,0.1,fixed,10000,10000,0,0,0.01,0.1,12720,90101,0.2308218780090101
3,iterative,dual,warm,10,160,0.5,0.1,fixed,10000,10000,0,0,0.01,0.1,12720,100101,0.23710665199905634
3,iterative,dual,warm,11,160,0.5,0.1,fixed,10000,10000,0,0,0.01,0.1,12720,110101,0.2713228510110639
3,iterative,dual,warm,12,160,0.5,0.1,fixed,10000,10000,0,0,0.01,0.1,12720,120101,0.30449380600475706
3,iterative,dual,warm,13,160,0.5,0.1,fixed,10000,10000,0,0,0.01,0.1,12720,130101,0.3207489399937913
3,iterative,dual,warm,14,160,0.5,0.1,fixed,10000,10000,0,0,0.01,0.1,12720,140101,0.3371578899968881
3,iterative,dual,warm,15,160,0.5,0.1,fixed,10000,10000,0,0,0.01,0.1,12720,150101,0.37577889900421724
3,iterative,dual,warm,16,160,0.5,0.1,fixed,10000,10000,0,0,0.01,0.1,12720,160101,0.3814189809927484
3,iterative,dual,warm,17,160,0.5,0.1,fixed,10000,10000,0,0,0.01,0.1,12720,170101,0.39398280800378416
3,iterative,dual,warm,18,160,0.5,0.1,fixed,10000,10000,0,0,0.01,0.1,12720,180101,0.42284232800011523
3,iterative,dual,warm,19,160,0.5,0.1,fixed,10000,10000,0,0,0.01,0.1,12720,190101,0.49729034199845046
3,iterative,dual,warm,20,160,0.5,0.1,fixed,10000,10000,0,0,0.01,0.1,12720,200101,0.5231738090078579
3,iterative,dual,warm,21,160,0.5,0.1,fixed,10000,10000,0,0,0.01,0.1,12720,210101,0.5490639089985052
3,iterative,dual,warm,22,160,0.5,0.1,fixed,10000,10000,0,0,0.01,0.1,12720,220101,0.5694838519993937
3,iterative,dual,warm,23,160,0.5,0.1,fixed,10000,10000,0,0,0.01,0.1,12720,230101,0.5896733730041888
3,iterative,dual,warm,24,160,0.5,0.1,fixed,10000,10000,0,0,0.01,0.1,12720,240101,0.5980489770008717
3,iterative,dual,warm,25,160,0.5,0.1,fixed,10000,10000,0,0,0.01,0.1,12720,250101,0.6323362149996683
3,iterative,dual,warm,26,160,0.5,0.1,fixed,10000,10000,0,0,0.01,0.1,12720,260101,0.6615810240036808
3,iterative,dual,warm,27,160,0.5,0.1,fixed,10000,10000,0,0,0.01,0.1,12720,270101,0.6333256750076544
3,iterative,dual,warm,28,160,0.5,0.1,fixed,10000,10000,0,0,0.01,0.1,12720,280101,0.6604294529970502
3,iterative,dual,warm,29,160,0.5,0.1,fixed,10000,10000,0,0,0.01,0.1,12720,290101,0.7549256240017712
3,iterative,dual,warm,30,160,0.5,0.1,fixed,10000,10000,0,0,0.01,0.1,12720,300101,0.819143949993304
3,iterative,dual,warm,31,160,0.5,0.1,fixed,10000,10000,0,0,0.01,0.1,12720,310101,0.835872298994218
3,iterative,dual,warm,32,160,0.5,0.1,fixed,10000,10000,0,0,0.01,0.1,12720,320101,0.8631339099956676
3,iterative,dual,warm,33,160,0.5,0.1,fixed,10000,10000,0,0,0.01,0.1,12720,330101,0.9232869169936748
3,iterative,dual,warm,34,160,0.5,0.1,fixed,10000,10000,0,0,0.01,0.1,12720,340101,0.8893737809994491
3,iterative,dual,warm,35,160,0.5,0.1,fixed,10000,10000,0,0,0.01,0.1,12720,350101,0.9370417639875086
3,iterative,dual,warm,36,160,0.5,0.1,fixed,10000,10000,0,0,0.01,0.1,12720,360101,0.874677696992876
3,iterative,dual,warm,37,160,0.5,0.1,fixed,10000,10000,0,0,0.01,0.1,12720,370101,0.9070589119946817
3,iterative,dual,warm,38,160,0.5,0.1,fixed,10000,10000,0,0,0.01,0.1,12720,380101,0.9030546590074664
3,iterative,dual,warm,39,160,0.5,0.1,fixed,10000,10000,0,0,0.01,0.1,12720,390101,0.934674730990082
3,iterative,dual,warm,40,160,0.5,0.1,fixed,10000,10000,0,0,0.01,0.1,12720,400101,1.0008682549960213
3,iterative,dual,warm,41,160,0.5,0.1,fixed,10000,10000,0,0,0.01,0.1,12720,410101,1.1111750340060098
3,iterative,dual,warm,42,160,0.5,0.1,fixed,10000,10000,0,0,0.01,0.1,12720,420101,1.1479040989943314
3,iterative,dual,warm,43,160,0.5,0.1,fixed,10000,10000,0,0,0.01,0.1,12720,430101,1.2120122920023277
3,iterative,dual,warm,44,160,0.5,0.1,fixed,10000,10000,0,0,0.01,0.1,12720,440101,1.0603042839939008
3,iterative,dual,warm,45,160,0.5,0.1,fixed,10000,10000,0,0,0.01,0.1,12720,450101,1.115317034011241
3,iterative,dual,warm,46,160,0.5,0.1,fixed,10000,10000,0,0,0.01,0.1,12720,460101,1.1077634609973757
3,iterative,dual,warm,47,160,0.5,0.1,fixed,10000,10000,0,0,0.01,0.1,12720,470101,1.1497498139942763
3,iterative,dual,warm,48,160,0.5,0.1,fixed,10000,10000,0,0,0.01,0.1,12720,480101,1.3001033379987348
3,iterative,dual,warm,49,160,0.5,0.1,fixed,10000,10000,0,0,0.01,0.1,12720,490101,1.292530677994364
3,iterative,dual,warm,50,160,0.5,0.1,fixed,10000,10000,0,0,0.01,0.1,12720,500101,1.3570960700017167
3,iterative,dual,warm,51,160,0.5,0.1,fixed,10000,10000,0,0,0.01,0.1,12720,510101,1.349112392999814
3,iterative,dual,warm,52,160,0.5,0.1,fixed,10000,10000,0,0,0.01,0.1,12720,520101,1.353207594002015
3,iterative,dual,warm,53,160,0.5,0.1,fixed,10000,10000,0,0,0.01,0.1,12720,530101,1.4226213049987564
3,iterative,dual,warm,54,160,0.5,0.1,fixed,10000,10000,0,0,0.01,0.1,12720,540101,1.3600040000019362
3,iterative,dual,warm,55,160,0.5,0.1,fixed,10000,10000,0,0,0.01,0.1,12720,550101,1.3875235200102907
3,iterative,dual,warm,56,160,0.5,0.1,fixed,10000,10000,0,0,0.01,0.1,12720,560101,1.3886586829903536
3,iterative,dual,warm,57,160,0.5,0.1,fixed,10000,10000,0,0,0.01,0.1,12720,570101,1.4316076670074835
3,iterative,dual,warm,58,160,0.5,0.1,fixed,10000,10000,0,0,0.01,0.1,12720,580101,1.5161748449900188
3,iterative,dual,warm,59,160,0.5,0.1,fixed,10000,10000,0,0,0.01,0.1,12720,590101,1.629868728996371
3,iterative,dual,warm,60,160,0.5,0.1,fixed,10000,10000,0,0,0.01,0.1,12720,600101,1.6644679989985889
3,iterative,dual,warm,61,160,0.5,0.1,fixed,10000,10000,0,0,0.01,0.1,12720,610101,1.7206370550120482
3,iterative,dual,warm,62,160,0.5,0.1,fixed,10000,10000,0,0,0.01,0.1,12720,620101,1.6543276919983327
3,iterative,dual,warm,63,160,0.5,0.1,fixed,10000,10000,0,0,0.01,0.1,12720,630101,1.753197072990588
3,iterative,dual,warm,64,160,0.5,0.1,fixed,10000,10000,0,0,0.01,0.1,12720,640101,1.7597487009916222
3,iterative,dual,warm,65,160,0.5,0.1,fixed,10000,10000,0,0,0.01,0.1,12720,650101,1.9099291689926758
3,iterative,dual,warm,66,160,0.5,0.1,fixed,10000,10000,0,0,0.01,0.1,12720,660101,1.9651511129923165
3,iterative,dual,warm,67,160,0.5,0.1,fixed,10000,10000,0,0,0.01,0.1,12720,670101,1.9828586599905975
3,iterative,dual,warm,68,160,0.5,0.1,fixed,10000,10000,0,0,0.01,0.1,12720,680101,2.0536672119924333
3,iterative,dual,warm,69,160,0.5,0.1,fixed,10000,10000,0,0,0.01,0.1,12720,690101,2.079422185997828
3,iterative,dual,warm,70,160,0.5,0.1,fixed,10000,10000,0,0,0.01,0.1,12720,700101,2.0369643430021824
3,iterative,dual,warm,71,160,0.5,0.1,fixed,10000,10000,0,0,0.01,0.1,12720,710101,1.999441548003233
3,iterative,dual,warm,72,160,0.5,0.1,fixed,10000,10000,0,0,0.01,0.1,12720,720101,1.9290195260109613
3,iterative,dual,warm,73,160,0.5,0.1,fixed,10000,10000,0,0,0.01,0.1,12720,730101,2.0743269710073946
3,iterative,dual,warm,74,160,0.5,0.1,fixed,10000,10000,0,0,0.01,0.1,12720,740101,2.276506223002798
3,iterative,dual,warm,75,160,0.5,0.1,fixed,10000,10000,0,0,0.01,0.1,12720,750101,2.290284091999638
3,iterative,dual,warm,76,160,0.5,0.1,fixed,10000,10000,0,0,0.01,0.1,12720,760101,2.2575791220006067
3,iterative,dual,warm,77,160,0.5,0.1,fixed,10000,10000,0,0,0.01,0.1,12720,770101,2.381559821005794
3,iterative,dual,warm,78,160,0.5,0.1,fixed,10000,10000,0,0,0.01,0.1,12720,780101,2.313302789989393
3,iterative,dual,warm,79,160,0.5,0.1,fixed,10000,10000,0,0,0.01,0.1,12720,790101,2.2439282050036127
3,iterative,dual,warm,80,160,0.5,0.1,fixed,10000,10000,0,0,0.01,0.1,12720,800101,2.2095392379997065
3,iterative,dual,warm,81,160,0.5,0.1,fixed,10000,10000,0,0,0.01,0.1,12720,810101,2.196683332003886
3,iterative,dual,warm,82,160,0.5,0.1,fixed,10000,10000,0,0,0.01,0.1,12720,820101,2.237600061998819
3,iterative,dual,warm,83,160,0.5,0.1,fixed,10000,10000,0,0,0.01,0.1,12720,830101,2.231345374995726
3,iterative,dual,warm,84,160,0.5,0.1,fixed,10000,10000,0,0,0.01,0.1,12720,840101,2.5248155550070805
3,iterative,dual,warm,85,160,0.5,0.1,fixed,10000,10000,0,0,0.01,0.1,12720,850101,2.3370519769960083
3,iterative,dual,warm,86,160,0.5,0.1,fixed,10000,10000,0,0,0.01,0.1,12720,860101,2.4596473529963987
3,iterative,dual,warm,87,160,0.5,0.1,fixed,10000,10000,0,0,0.01,0.1,12720,870101,2.381809635000536
3,iterative,dual,warm,88,160,0.5,0.1,fixed,10000,10000,0,0,0.01,0.1,12720,880101,2.50212130699947
3,iterative,dual,warm,89,160,0.5,0.1,fixed,10000,10000,0,0,0.01,1,12720,890101,2.489678294994519
3,iterative,dual,warm,90,160,0.5,0.1,fixed,10000,10000,0,0,0.01,1,12720,900101,2.4760329040000215
3,iterative,dual,warm,91,160,0.5,0.1,fixed,10000,10000,0,0,0.01,1,12720,910101,2.673016846005339
3,iterative,dual,warm,92,160,0.5,0.1,fixed,10000,10000,0,0,0.01,1,12720,920101,2.701582565001445
3,iterative,dual,warm,93,160,0.5,0.1,fixed,10000,10000,0,0,0.01,1,12720,930101,2.654734320996795
3,iterative,dual,warm,94,160,0.5,0.1,fixed,10000,10000,0,0,0.01,1,12720,940101,2.709037802997045
3,iterative,dual,warm,95,160,0.5,0.1,fixed,10000,10000,0,0,0.01,1,12720,950101,2.494403399003204
3,iterative,dual,warm,96,160,0.5,0.1,fixed,10000,10000,0,0,0.01,1,12720,960101,2.546298550994834
3,iterative,dual,warm,97,160,0.5,0.1,fixed,10000,10000,0,0,0.01,1,12720,964207,2.464133137007593
4,once,auto,cold,0,160,0.5,0.1,fixed,10000,2679680,2679680,1,1,1,12720,2679681,14791.065665301998
4,iterative,dual,warm,0,160,0.5,0.1,fixed,10000,100,100,1,0.1,1,12720,101,0.02575969000463374
4,iterative,dual,warm,1,160,0.5,0.1,fixed,10000,10000,0,1,0.1,0.1,12720,10101,1.6561161970021203
4,iterative,dual,warm,2,160,0.5,0.1,fixed,10000,10000,0,1,0.1,0.1,12720,20101,28.232330722996267
4,iterative,dual,warm,3,160,0.5,0.1,fixed,10000,10000,0,1,0.1,0.1,12720,30101,79.6975950019987
4,iterative,dual,warm,4,160,0.5,0.1,fixed,10000,10000,0,1,0.1,0.1,12720,40101,0.16267616699042264
4,iterative,dual,warm,5,160,0.5,0.1,fixed,10000,10000,0,1,0.1,0.1,12720,50101,0.09762550999585073
4,iterative,dual,warm,6,160,0.5,0.1,fixed,10000,10000,0,1,0.1,0.1,12720,60101,0.1109640819922788
4,iterative,dual,warm,7,160,0.5,0.1,fixed,10000,10000,0,1,0.1,0.1,12720,70101,0.1271407900057966
4,iterative,dual,warm,8,160,0.5,0.1,fixed,10000,10000,0,1,0.1,0.1,12720,80101,0.1429179650003789
4,iterative,dual,warm,9,160,0.5,0.1,fixed,10000,10000,0,1,0.1,0.1,12720,90101,0.15479600099206436
4,iterative,dual,warm,10,160,0.5,0.1,fixed,10000,10000,0,1,0.1,0.1,12720,100101,0.16765549601404928
4,iterative,dual,warm,11,160,0.5,0.1,fixed,10000,10000,0,1,0.1,0.1,12720,110101,0.1815796469891211
4,iterative,dual,warm,12,160,0.5,0.1,fixed,10000,10000,0,1,0.1,0.1,12720,120101,0.20169431300018914
4,iterative,dual,warm,13,160,0.5,0.1,fixed,10000,10000,0,1,0.1,0.1,12720,130101,0.21946763900632504
4,iterative,dual,warm,14,160,0.5,0.1,fixed,10000,10000,0,1,0.1,0.1,12720,140101,0.23274896800285205
4,iterative,dual,warm,15,160,0.5,0.1,fixed,10000,10000,0,1,0.1,0.1,12720,150101,0.2528622230020119
4,iterative,dual,warm,16,160,0.5,0.1,fixed,10000,10000,0,1,0.1,0.1,12720,160101,0.27233973299735226
4,iterative,dual,warm,17,160,0.5,0.1,fixed,10000,10000,0,1,0.1,0.1,12720,170101,0.2874397580017103
4,iterative,dual,warm,18,160,0.5,0.1,fixed,10000,10000,0,1,0.1,0.1,12720,180101,0.30610651698953006
4,iterative,dual,warm,19,160,0.5,0.1,fixed,10000,10000,0,1,0.1,0.1,12720,190101,0.33003447999362834
4,iterative,dual,warm,20,160,0.5,0.1,fixed,10000,10000,0,1,0.1,0.1,12720,200101,0.3406650359975174
4,iterative,dual,warm,21,160,0.5,0.1,fixed,10000,10000,0,1,0.1,0.1,12720,210101,0.3620666490023723
4,iterative,dual,warm,22,160,0.5,0.1,fixed,10000,10000,0,1,0.1,0.1,12720,220101,0.3862902910041157
4,iterative,dual,warm,23,160,0.5,0.1,fixed,10000,10000,0,1,0.1,0.1,12720,230101,0.39325860199460294
4,iterative,dual,warm,24,160,0.5,0.1,fixed,10000,10000,0,1,0.1,0.1,12720,240101,0.4352131320047192
4,iterative,dual,warm,25,160,0.5,0.1,fixed,10000,10000,0,1,0.1,0.1,12720,250101,0.45055629799026065
4,iterative,dual,warm,26,160,0.5,0.1,fixed,10000,10000,0,1,0.1,0.1,12720,260101,0.48532516599516384
4,iterative,dual,warm,27,160,0.5,0.1,fixed,10000,10000,0,1,0.1,0.1,12720,270101,0.5100158369896235
4,iterative,dual,warm,28,160,0.5,0.1,fixed,10000,10000,0,1,0.1,0.1,12720,280101,0.5284618300065631
4,iterative,dual,warm,29,160,0.5,0.1,fixed,10000,10000,0,1,0.1,0.1,12720,290101,0.5399812599935103
4,iterative,dual,warm,30,160,0.5,0.1,fixed,10000,10000,0,1,0.1,0.1,12720,300101,0.57181461599248
4,iterative,dual,warm,31,160,0.5,0.1,fixed,10000,10000,0,1,0.1,0.1,12720,310101,0.5929172119940631
4,iterative,dual,warm,32,160,0.5,0.1,fixed,10000,10000,0,1,0.1,0.1,12720,320101,0.6116328749922104
4,iterative,dual,warm,33,160,0.5,0.1,fixed,10000,10000,0,1,0.1,0.1,12720,330101,0.6473651039996184
4,iterative,dual,warm,34,160,0.5,0.1,fixed,10000,10000,0,1,0.1,0.1,12720,340101,0.6568854599900078
4,iterative,dual,warm,35,160,0.5,0.1,fixed,10000,10000,0,1,0.1,0.1,12720,350101,0.6820695570058888
4,iterative,dual,warm,36,160,0.5,0.1,fixed,10000,10000,0,1,0.1,0.1,12720,360101,0.7171388370043132
4,iterative,dual,warm,37,160,0.5,0.1,fixed,10000,10000,0,1,0.1,0.1,12720,370101,0.7126250440051081
4,iterative,dual,warm,38,160,0.5,0.1,fixed,10000,10000,0,1,0.1,0.1,12720,380101,0.757778466999298
4,iterative,dual,warm,39,160,0.5,0.1,fixed,10000,10000,0,1,0.1,0.1,12720,390101,0.7619818099919939
4,iterative,dual,warm,40,160,0.5,0.1,fixed,10000,10000,0,1,0.1,0.1,12720,400101,0.8152352180040907
4,iterative,dual,warm,41,160,0.5,0.1,fixed,10000,10000,0,1,0.1,0.1,12720,410101,0.8465407369949389
4,iterative,dual,warm,42,160,0.5,0.1,fixed,10000,10000,0,1,0.1,0.1,12720,420101,0.8699919740029145
4,iterative,dual,warm,43,160,0.5,0.1,fixed,10000,10000,0,1,0.1,0.1,12720,430101,0.8877910789888119
4,iterative,dual,warm,44,160,0.5,0.1,fixed,10000,10000,0,1,0.1,0.1,12720,440101,0.8472680470003979
4,iterative,dual,warm,45,160,0.5,0.1,fixed,10000,10000,0,1,0.1,0.1,12720,450101,0.904502411998692
4,iterative,dual,warm,46,160,0.5,0.1,fixed,10000,10000,0,1,0.1,0.1,12720,460101,0.9646879649953917
4,iterative,dual,warm,47,160,0.5,0.1,fixed,10000,10000,0,1,0.1,0.1,12720,470101,0.9838286829908611
4,iterative,dual,warm,48,160,0.5,0.1,fixed,10000,10000,0,1,0.1,0.1,12720,480101,1.03182981700229
4,iterative,dual,warm,49,160,0.5,0.1,fixed,10000,10000,0,1,0.1,0.1,12720,490101,1.0424111790052848
4,iterative,dual,warm,50,160,0.5,0.1,fixed,10000,10000,0,1,0.1,0.1,12720,500101,1.0755884100071853
4,iterative,dual,warm,51,160,0.5,0.1,fixed,10000,10000,0,1,0.1,0.1,12720,510101,1.0707868479948957
4,iterative,dual,warm,52,160,0.5,0.1,fixed,10000,10000,0,1,0.1,0.1,12720,520101,1.0799973970133578
4,iterative,dual,warm,53,160,0.5,0.1,fixed,10000,10000,0,1,0.1,0.1,12720,530101,1.1563169750006637
4,iterative,dual,warm,54,160,0.5,0.1,fixed,10000,10000,0,1,0.1,0.1,12720,540101,1.13876052100386
4,iterative,dual,warm,55,160,0.5,0.1,fixed,10000,10000,0,1,0.1,0.1,12720,550101,1.1862709950073622
4,iterative,dual,warm,56,160,0.5,0.1,fixed,10000,10000,0,1,0.1,0.1,12720,560101,1.2277940960048
4,iterative,dual,warm,57,160,0.5,0.1,fixed,10000,10000,0,1,0.1,0.1,12720,570101,1.20832881500246
4,iterative,dual,warm,58,160,0.5,0.1,fixed,10000,10000,0,1,0.1,0.1,12720,580101,1.2843148109968752
4,iterative,dual,warm,59,160,0.5,0.1,fixed,10000,10000,0,1,0.1,0.1,12720,590101,1.342597933995421
4,iterative,dual,warm,60,160,0.5,0.1,fixed,10000,10000,0,1,0.1,0.1,12720,600101,1.4006618470011745
4,iterative,dual,warm,61,160,0.5,0.1,fixed,10000,10000,0,1,0.1,0.1,12720,610101,1.442301460003364
4,iterative,dual,warm,62,160,0.5,0.1,fixed,10000,10000,0,1,0.1,0.1,12720,620101,1.3795818200014764
4,iterative,dual,warm,63,160,0.5,0.1,fixed,10000,10000,0,1,0.1,0.1,12720,630101,1.4486581989913248
4,iterative,dual,warm,64,160,0.5,0.1,fixed,10000,10000,0,1,0.1,0.1,12720,640101,1.4504250370082445
4,iterative,dual,warm,65,160,0.5,0.1,fixed,10000,10000,0,1,0.1,0.1,12720,650101,1.5295798040024238
4,iterative,dual,warm,66,160,0.5,0.1,fixed,10000,10000,0,1,0.1,0.1,12720,660101,1.5336171630042372
4,iterative,dual,warm,67,160,0.5,0.1,fixed,10000,10000,0,1,0.1,0.1,12720,670101,1.6201205480028875
4,iterative,dual,warm,68,160,0.5,0.1,fixed,10000,10000,0,1,0.1,0.1,12720,680101,1.6030432879924774
4,iterative,dual,warm,69,160,0.5,0.1,fixed,10000,10000,0,1,0.1,0.1,12720,690101,1.686047099006828
4,iterative,dual,warm,70,160,0.5,0.1,fixed,10000,10000,0,1,0.1,0.1,12720,700101,1.6432905419933377
4,iterative,dual,warm,71,160,0.5,0.1,fixed,10000,10000,0,1,0.1,0.1,12720,710101,1.6075074079999467
4,iterative,dual,warm,72,160,0.5,0.1,fixed,10000,10000,0,1,0.1,0.1,12720,720101,1.6928181850089459
4,iterative,dual,warm,73,160,0.5,0.1,fixed,10000,10000,0,1,0.1,0.1,12720,730101,1.7773475230060285
4,iterative,dual,warm,74,160,0.5,0.1,fixed,10000,10000,0,1,0.1,0.1,12720,740101,1.826265185009106
4,iterative,dual,warm,75,160,0.5,0.1,fixed,10000,10000,0,1,0.1,0.1,12720,750101,1.8958836599922506
4,iterative,dual,warm,76,160,0.5,0.1,fixed,10000,10000,0,1,0.1,0.1,12720,760101,1.8703171569941333
4,iterative,dual,warm,77,160,0.5,0.1,fixed,10000,10000,0,1,0.1,0.1,12720,770101,1.9545961399999214
4,iterative,dual,warm,78,160,0.5,0.1,fixed,10000,10000,0,1,0.1,1,12720,780101,1.9823415930004558
4,iterative,dual,warm,79,160,0.5,0.1,fixed,10000,10000,0,1,0.1,1,12720,790101,2.0349339580134256
4,iterative,dual,warm,80,160,0.5,0.1,fixed,10000,10000,0,1,0.1,1,12720,800101,2.0587556780083105
4,iterative,dual,warm,81,160,0.5,0.1,fixed,10000,10000,0,1,0.1,1,12720,810101,1.978948871998
4,iterative,dual,warm,82,160,0.5,0.1,fixed,10000,10000,0,1,0.1,1,12720,820101,2.0551544289919548
4,iterative,dual,warm,83,160,0.5,0.1,fixed,10000,10000,0,1,0.1,1,12720,830101,2.0655025400046725
4,iterative,dual,warm,84,160,0.5,0.1,fixed,10000,10000,0,1,0.1,1,12720,840101,2.12972150099813
4,iterative,dual,warm,85,160,0.5,0.1,fixed,10000,10000,0,1,0.1,1,12720,850101,2.3148296260042116
4,iterative,dual,warm,86,160,0.5,0.1,fixed,10000,10000,0,1,0.1,1,12720,860101,2.2912096390064107
4,iterative,dual,warm,87,160,0.5,0.1,fixed,10000,10000,0,1,0.1,1,12720,862325,2.1042627029964933
5,once,auto,cold,0,160,0.5,0.1,fixed,10000,2679680,2679680,2,1,1,12720,2679681,15343.056013861991
5,iterative,dual,warm,0,160,0.5,0.1,fixed,10000,100,100,2,1,1,12720,101,0.028054253009031527
5,iterative,dual,warm,1,160,0.5,0.1,fixed,10000,10000,0,2,1,1,12720,10101,1.9294160879944684
5,iterative,dual,warm,2,160,0.5,0.1,fixed,10000,10000,0,2,1,1,12720,20101,467.5383434539981
5,iterative,dual,warm,3,160,0.5,0.1,fixed,10000,10000,0,2,1,1,12720,30101,207.42626826200285
5,iterative,dual,warm,4,160,0.5,0.1,fixed,10000,10000,0,2,1,1,12720,40101,12.92523384699598
5,iterative,dual,warm,5,160,0.5,0.1,fixed,10000,10000,0,2,1,1,12720,50101,0.2296974799974123
5,iterative,dual,warm,6,160,0.5,0.1,fixed,10000,10000,0,2,1,1,12720,60101,0.13652405099128373
5,iterative,dual,warm,7,160,0.5,0.1,fixed,10000,10000,0,2,1,1,12720,70101,0.154796674993122
5,iterative,dual,warm,8,160,0.5,0.1,fixed,10000,10000,0,2,1,1,12720,80101,0.17730571300489828
5,iterative,dual,warm,9,160,0.5,0.1,fixed,10000,10000,0,2,1,1,12720,90101,0.21470103198953439
5,iterative,dual,warm,10,160,0.5,0.1,fixed,10000,10000,0,2,1,1,12720,100101,0.19632582500344142
5,iterative,dual,warm,11,160,0.5,0.1,fixed,10000,10000,0,2,1,1,12720,110101,0.24210730899358168
5,iterative,dual,warm,12,160,0.5,0.1,fixed,10000,10000,0,2,1,1,12720,120101,0.23171115599689074
5,iterative,dual,warm,13,160,0.5,0.1,fixed,10000,10000,0,2,1,1,12720,130101,0.28015422500902787
5,iterative,dual,warm,14,160,0.5,0.1,fixed,10000,10000,0,2,1,1,12720,140101,0.3208872120012529
5,iterative,dual,warm,15,160,0.5,0.1,fixed,10000,10000,0,2,1,1,12720,150101,0.28925920301117003
5,iterative,dual,warm,16,160,0.5,0.1,fixed,10000,10000,0,2,1,1,12720,160101,0.34741291899990756
5,iterative,dual,warm,17,160,0.5,0.1,fixed,10000,10000,0,2,1,1,12720,170101,0.3165341349958908
5,iterative,dual,warm,18,160,0.5,0.1,fixed,10000,10000,0,2,1,1,12720,180101,0.3327034500107402
5,iterative,dual,warm,19,160,0.5,0.1,fixed,10000,10000,0,2,1,1,12720,190101,0.378611023988924
5,iterative,dual,warm,20,160,0.5,0.1,fixed,10000,10000,0,2,1,1,12720,200101,0.4597887690033531
5,iterative,dual,warm,21,160,0.5,0.1,fixed,10000,10000,0,2,1,1,12720,210101,0.4386416869965615
5,iterative,dual,warm,22,160,0.5,0.1,fixed,10000,10000,0,2,1,1,12720,220101,0.5183537289995002
5,iterative,dual,warm,23,160,0.5,0.1,fixed,10000,10000,0,2,1,1,12720,230101,0.47993621999921743
5,iterative,dual,warm,24,160,0.5,0.1,fixed,10000,10000,0,2,1,1,12720,240101,0.7250835379963974
5,iterative,dual,warm,25,160,0.5,0.1,fixed,10000,10000,0,2,1,1,12720,250101,0.5715434759913478
5,iterative,dual,warm,26,160,0.5,0.1,fixed,10000,10000,0,2,1,1,12720,260101,0.6235433699912392
5,iterative,dual,warm,27,160,0.5,0.1,fixed,10000,10000,0,2,1,1,12720,270101,0.680695579998428
5,iterative,dual,warm,28,160,0.5,0.1,fixed,10000,10000,0,2,1,1,12720,280101,0.5614547930017579
5,iterative,dual,warm,29,160,0.5,0.1,fixed,10000,10000,0,2,1,1,12720,290101,0.6423078060033731
5,iterative,dual,warm,30,160,0.5,0.1,fixed,10000,10000,0,2,1,1,12720,300101,0.7167486950056627
5,iterative,dual,warm,31,160,0.5,0.1,fixed,10000,10000,0,2,1,1,12720,310101,0.6734936099965125
5,iterative,dual,warm,32,160,0.5,0.1,fixed,10000,10000,0,2,1,1,12720,320101,0.7405604060040787
5,iterative,dual,warm,33,160,0.5,0.1,fixed,10000,10000,0,2,1,1,12720,330101,0.7150654129945906
5,iterative,dual,warm,34,160,0.5,0.1,fixed,10000,10000,0,2,1,1,12720,340101,0.828298199994606
5,iterative,dual,warm,35,160,0.5,0.1,fixed,10000,10000,0,2,1,1,12720,350101,0.874194501011516
5,iterative,dual,warm,36,160,0.5,0.1,fixed,10000,10000,0,2,1,1,12720,360101,0.853033430990763
5,iterative,dual,warm,37,160,0.5,0.1,fixed,10000,10000,0,2,1,1,12720,370101,0.9053619929909473
5,iterative,dual,warm,38,160,0.5,0.1,fixed,10000,10000,0,2,1,1,12720,380101,0.9454113099927781
5,iterative,dual,warm,39,160,0.5,0.1,fixed,10000,10000,0,2,1,1,12720,390101,0.8849210479966132
5,iterative,dual,warm,40,160,0.5,0.1,fixed,10000,10000,0,2,1,1,12720,400101,0.9400675009965198
5,iterative,dual,warm,41,160,0.5,0.1,fixed,10000,10000,0,2,1,1,12720,410101,1.0287898090027738
5,iterative,dual,warm,42,160,0.5,0.1,fixed,10000,10000,0,2,1,1,12720,420101,1.02775836600631
5,iterative,dual,warm,43,160,0.5,0.1,fixed,10000,10000,0,2,1,1,12720,430101,1.0848667720129015
5,iterative,dual,warm,44,160,0.5,0.1,fixed,10000,10000,0,2,1,1,12720,440101,1.1916865139937727
5,iterative,dual,warm,45,160,0.5,0.1,fixed,10000,10000,0,2,1,1,12720,450101,1.2023165999999037
5,iterative,dual,warm,46,160,0.5,0.1,fixed,10000,10000,0,2,1,1,12720,460101,1.2706000530015444
5,iterative,dual,warm,47,160,0.5,0.1,fixed,10000,10000,0,2,1,1,12720,470101,1.2953415639931336
5,iterative,dual,warm,48,160,0.5,0.1,fixed,10000,10000,0,2,1,1,12720,480101,1.3030313470080728
5,iterative,dual,warm,49,160,0.5,0.1,fixed,10000,10000,0,2,1,1,12720,490101,1.3074425110098673
5,iterative,dual,warm,50,160,0.5,0.1,fixed,10000,10000,0,2,1,1,12720,500101,1.2762229810032295
5,iterative,dual,warm,51,160,0.5,0.1,fixed,10000,10000,0,2,1,1,12720,510101,1.29790378701
5,iterative,dual,warm,52,160,0.5,0.1,fixed,10000,10000,0,2,1,1,12720,520101,1.2251613690023078
5,iterative,dual,warm,53,160,0.5,0.1,fixed,10000,10000,0,2,1,1,12720,530101,1.3627779230009764
5,iterative,dual,warm,54,160,0.5,0.1,fixed,10000,10000,0,2,1,1,12720,540101,1.2914377309934935
5,iterative,dual,warm,55,160,0.5,0.1,fixed,10000,10000,0,2,1,1,12720,550101,1.3991209660016466
5,iterative,dual,warm,56,160,0.5,0.1,fixed,10000,10000,0,2,1,1,12720,560101,1.5136731540114852
5,iterative,dual,warm,57,160,0.5,0.1,fixed,10000,10000,0,2,1,1,12720,570101,1.2658163239975693
5,iterative,dual,warm,58,160,0.5,0.1,fixed,10000,10000,0,2,1,1,12720,580101,1.3343833359976998
5,iterative,dual,warm,59,160,0.5,0.1,fixed,10000,10000,0,2,1,1,12720,590101,1.3870660760003375
5,iterative,dual,warm,60,160,0.5,0.1,fixed,10000,10000,0,2,1,1,12720,600101,1.4205560939881252
5,iterative,dual,warm,61,160,0.5,0.1,fixed,10000,10000,0,2,1,1,12720,610101,1.4498647209984483
5,iterative,dual,warm,62,160,0.5,0.1,fixed,10000,10000,0,2,1,1,12720,620101,1.544667174006463
5,iterative,dual,warm,63,160,0.5,0.1,fixed,10000,10000,0,2,1,1,12720,630101,1.5070027399924584
5,iterative,dual,warm,64,160,0.5,0.1,fixed,10000,10000,0,2,1,1,12720,640101,1.5160545809922041
5,iterative,dual,warm,65,160,0.5,0.1,fixed,10000,10000,0,2,1,1,12720,650101,1.6271850019984413
5,iterative,dual,warm,66,160,0.5,0.1,fixed,10000,10000,0,2,1,1,12720,660101,1.6508296270039864
5,iterative,dual,warm,67,160,0.5,0.1,fixed,10000,10000,0,2,1,1,12720,670101,1.700618098009727
5,iterative,dual,warm,68,160,0.5,0.1,fixed,10000,10000,0,2,1,1,12720,680101,1.6641664819908328
5,iterative,dual,warm,69,160,0.5,0.1,fixed,10000,10000,0,2,1,1,12720,690101,1.6621192050079117
5,iterative,dual,warm,70,160,0.5,0.1,fixed,10000,10000,0,2,1,1,12720,700101,1.712376811003196
5,iterative,dual,warm,71,160,0.5,0.1,fixed,10000,10000,0,2,1,1,12720,710101,1.7624314639979275
5,iterative,dual,warm,72,160,0.5,0.1,fixed,10000,10000,0,2,1,1,12720,720101,1.902620927998214
5,iterative,dual,warm,73,160,0.5,0.1,fixed,10000,10000,0,2,1,1,12720,730101,1.8592759580060374
5,iterative,dual,warm,74,160,0.5,0.1,fixed,10000,10000,0,2,1,1,12720,740101,1.8646607650007354
5,iterative,dual,warm,75,160,0.5,0.1,fixed,10000,10000,0,2,1,1,12720,750101,1.9002480070048478
5,iterative,dual,warm,76,160,0.5,0.1,fixed,10000,10000,0,2,1,1,12720,760101,1.8853225570055656
5,iterative,dual,warm,77,160,0.5,0.1,fixed,10000,10000,0,2,1,1,12720,770101,1.8717358869907912
5,iterative,dual,warm,78,160,0.5,0.1,fixed,10000,10000,0,2,1,1,12720,780101,1.982138010993367
5,iterative,dual,warm,79,160,0.5,0.1,fixed,10000,10000,0,2,1,1,12720,790101,2.1032972559914924
5,iterative,dual,warm,80,160,0.5,0.1,fixed,10000,10000,0,2,1,1,12720,800101,1.9734282439894741
5,iterative,dual,warm,81,160,0.5,0.1,fixed,10000,10000,0,2,1,1,12720,810101,2.0924205949995667
5,iterative,dual,warm,82,160,0.5,0.1,fixed,10000,10000,0,2,1,1,12720,820101,2.0750774149928475
5,iterative,dual,warm,83,160,0.5,0.1,fixed,10000,10000,0,2,1,1,12720,830101,2.047492383993813
5,iterative,dual,warm,84,160,0.5,0.1,fixed,10000,10000,0,2,1,1,12720,840101,2.058590289991116
5,iterative,dual,warm,85,160,0.5,0.1,fixed,10000,10000,0,2,1,1,12720,850101,2.264507138999761
5,iterative,dual,warm,86,160,0.5,0.1,fixed,10000,10000,0,2,1,1,12720,860101,2.0967669320089044
5,iterative,dual,warm,87,160,0.5,0.1,fixed,10000,10000,0,2,1,1,12720,870101,2.203423977989587
5,iterative,dual,warm,88,160,0.5,0.1,fixed,10000,10000,0,2,1,1,12720,880101,2.172218849998899
5,iterative,dual,warm,89,160,0.5,0.1,fixed,10000,10000,0,2,1,1,12720,890101,2.3512664070003666
5,iterative,dual,warm,90,160,0.5,0.1,fixed,10000,10000,0,2,1,1,12720,900101,2.269175733003067
5,iterative,dual,warm,91,160,0.5,0.1,fixed,10000,10000,0,2,1,1,12720,910101,2.184581873996649
5,iterative,dual,warm,92,160,0.5,0.1,fixed,10000,10000,0,2,1,1,12720,920101,2.177372420002939
5,iterative,dual,warm,93,160,0.5,0.1,fixed,10000,10000,0,2,1,1,12720,930101,2.2407275770092383
5,iterative,dual,warm,94,160,0.5,0.1,fixed,10000,10000,0,2,1,1,12720,932986,2.24394197500078
