solve_id,solve_type,method,warm_start,min_search_proportion,threshold_proportion,remove_constraints,sub_solve_id,n,p,q,cut_type,cut_value,cuts_sought,cuts_added,cuts_removed,search_proportion_used,current_threshold,variables,constraints,cpu_time
0,iterative,auto,warm,1,,True,0,90,0.5,0.2,fixed,1000,100,100,0,1,,4005,101,0.008627143000000004
0,iterative,auto,warm,1,,True,1,90,0.5,0.2,fixed,1000,1000,1000,100,1,,4005,1001,0.03594192400000029
0,iterative,auto,warm,1,,True,2,90,0.5,0.2,fixed,1000,1000,1000,1000,1,,4005,1001,0.030683501999999585
0,iterative,auto,warm,1,,True,3,90,0.5,0.2,fixed,1000,1000,1000,1000,1,,4005,1001,0.0324093999999997
0,iterative,auto,warm,1,,True,4,90,0.5,0.2,fixed,1000,1000,1000,485,1,,4005,1516,0.05559801199999903
0,iterative,auto,warm,1,,True,5,90,0.5,0.2,fixed,1000,1000,1000,353,1,,4005,2163,0.11574845799999878
0,iterative,auto,warm,1,,True,6,90,0.5,0.2,fixed,1000,1000,1000,609,1,,4005,2554,0.19435998500000018
0,iterative,auto,warm,1,,True,7,90,0.5,0.2,fixed,1000,1000,1000,739,1,,4005,2815,0.37379690900000107
0,iterative,auto,warm,1,,True,8,90,0.5,0.2,fixed,1000,1000,1000,820,1,,4005,2995,0.5756697580000001
0,iterative,auto,warm,1,,True,9,90,0.5,0.2,fixed,1000,1000,1000,820,1,,4005,3175,1.3586465509999996
0,iterative,auto,warm,1,,True,10,90,0.5,0.2,fixed,1000,1000,1000,797,1,,4005,3378,2.693347108000001
0,iterative,auto,warm,1,,True,11,90,0.5,0.2,fixed,1000,1000,1000,847,1,,4005,3531,4.298418874999999
0,iterative,auto,warm,1,,True,12,90,0.5,0.2,fixed,1000,1000,1000,794,1,,4005,3737,6.902632780000001
0,iterative,auto,warm,1,,True,13,90,0.5,0.2,fixed,1000,1000,1000,815,1,,4005,3922,9.495315198999997
0,iterative,auto,warm,1,,True,14,90,0.5,0.2,fixed,1000,1000,1000,848,1,,4005,4074,11.019652627
0,iterative,auto,warm,1,,True,15,90,0.5,0.2,fixed,1000,1000,1000,909,1,,4005,4165,14.277091915999996
0,iterative,auto,warm,1,,True,16,90,0.5,0.2,fixed,1000,1000,1000,901,1,,4005,4264,15.928673410000002
0,iterative,auto,warm,1,,True,17,90,0.5,0.2,fixed,1000,1000,1000,935,1,,4005,4329,17.279189177999996
0,iterative,auto,warm,1,,True,18,90,0.5,0.2,fixed,1000,1000,1000,929,1,,4005,4400,20.542176194999996
0,iterative,auto,warm,1,,True,19,90,0.5,0.2,fixed,1000,1000,1000,956,1,,4005,4444,20.115032547
0,iterative,auto,warm,1,,True,20,90,0.5,0.2,fixed,1000,1000,1000,936,1,,4005,4508,21.80704645999998
0,iterative,auto,warm,1,,True,21,90,0.5,0.2,fixed,1000,1000,1000,979,1,,4005,4529,22.081592411999992
0,iterative,auto,warm,1,,True,22,90,0.5,0.2,fixed,1000,1000,1000,998,1,,4005,4531,21.46568457800001
0,iterative,auto,warm,1,,True,23,90,0.5,0.2,fixed,1000,1000,1000,988,1,,4005,4543,18.710684844000014
0,iterative,auto,warm,1,,True,24,90,0.5,0.2,fixed,1000,1000,1000,1015,1,,4005,4528,18.232713947000008
0,iterative,auto,warm,1,,True,25,90,0.5,0.2,fixed,1000,1000,1000,1030,1,,4005,4498,16.697081182999966
0,iterative,auto,warm,1,,True,26,90,0.5,0.2,fixed,1000,1000,1000,1010,1,,4005,4488,17.614343140000017
0,iterative,auto,warm,1,,True,27,90,0.5,0.2,fixed,1000,1000,1000,989,1,,4005,4499,17.12730112600002
0,iterative,auto,warm,1,,True,28,90,0.5,0.2,fixed,1000,1000,1000,982,1,,4005,4517,14.974746360999973
0,iterative,auto,warm,1,,True,29,90,0.5,0.2,fixed,1000,1000,1000,975,1,,4005,4542,17.036968959999967
0,iterative,auto,warm,1,,True,30,90,0.5,0.2,fixed,1000,1000,1000,989,1,,4005,4553,17.93029921499999
0,iterative,auto,warm,1,,True,31,90,0.5,0.2,fixed,1000,1000,1000,996,1,,4005,4557,15.953759565000041
0,iterative,auto,warm,1,,True,32,90,0.5,0.2,fixed,1000,1000,1000,989,1,,4005,4568,21.07593065499998
0,iterative,auto,warm,1,,True,33,90,0.5,0.2,fixed,1000,1000,1000,985,1,,4005,4583,18.05081757900001
0,iterative,auto,warm,1,,True,34,90,0.5,0.2,fixed,1000,1000,1000,1040,1,,4005,4543,17.80969778399998
0,iterative,auto,warm,1,,True,35,90,0.5,0.2,fixed,1000,1000,1000,1000,1,,4005,4543,16.77306259300002
0,iterative,auto,warm,1,,True,36,90,0.5,0.2,fixed,1000,1000,1000,1004,1,,4005,4539,15.602318480000008
0,iterative,auto,warm,1,,True,37,90,0.5,0.2,fixed,1000,1000,1000,986,1,,4005,4553,16.29478019999999
0,iterative,auto,warm,1,,True,38,90,0.5,0.2,fixed,1000,1000,1000,991,1,,4005,4562,15.513343316999965
0,iterative,auto,warm,1,,True,39,90,0.5,0.2,fixed,1000,1000,1000,1006,1,,4005,4556,15.091631913000015
0,iterative,auto,warm,1,,True,40,90,0.5,0.2,fixed,1000,1000,1000,994,1,,4005,4562,15.572448980000104
0,iterative,auto,warm,1,,True,41,90,0.5,0.2,fixed,1000,1000,1000,980,1,,4005,4582,17.532152974999917
0,iterative,auto,warm,1,,True,42,90,0.5,0.2,fixed,1000,1000,1000,991,1,,4005,4591,18.65462348599999
0,iterative,auto,warm,1,,True,43,90,0.5,0.2,fixed,1000,1000,1000,975,1,,4005,4616,17.531624964000002
0,iterative,auto,warm,1,,True,44,90,0.5,0.2,fixed,1000,1000,1000,1023,1,,4005,4593,17.090527417999965
0,iterative,auto,warm,1,,True,45,90,0.5,0.2,fixed,1000,1000,1000,996,1,,4005,4597,17.503951396000048
0,iterative,auto,warm,1,,True,46,90,0.5,0.2,fixed,1000,1000,1000,1005,1,,4005,4592,16.553834377000044
0,iterative,auto,warm,1,,True,47,90,0.5,0.2,fixed,1000,1000,1000,995,1,,4005,4597,18.710569808999935
0,iterative,auto,warm,1,,True,48,90,0.5,0.2,fixed,1000,1000,1000,1007,1,,4005,4590,18.983956120000016
0,iterative,auto,warm,1,,True,49,90,0.5,0.2,fixed,1000,1000,1000,974,1,,4005,4616,18.586253004000014
0,iterative,auto,warm,1,,True,50,90,0.5,0.2,fixed,1000,1000,1000,995,1,,4005,4621,18.73209866700006
0,iterative,auto,warm,1,,True,51,90,0.5,0.2,fixed,1000,1000,1000,997,1,,4005,4624,18.47091177699997
0,iterative,auto,warm,1,,True,52,90,0.5,0.2,fixed,1000,1000,1000,963,1,,4005,4661,17.135988130999976
0,iterative,auto,warm,1,,True,53,90,0.5,0.2,fixed,1000,1000,1000,1022,1,,4005,4639,18.822734029999992
0,iterative,auto,warm,1,,True,54,90,0.5,0.2,fixed,1000,1000,1000,984,1,,4005,4655,17.621064557999944
0,iterative,auto,warm,1,,True,55,90,0.5,0.2,fixed,1000,1000,776,1001,1,,4005,4430,17.977761837000003
0,iterative,auto,warm,1,,True,56,90,0.5,0.2,fixed,1000,1000,1000,753,1,,4005,4677,18.37777908999999
0,iterative,auto,warm,1,,True,57,90,0.5,0.2,fixed,1000,1000,1000,891,1,,4005,4786,18.465961225
0,iterative,auto,warm,1,,True,58,90,0.5,0.2,fixed,1000,1000,780,877,1,,4005,4689,18.101996148000012
0,iterative,auto,warm,1,,True,59,90,0.5,0.2,fixed,1000,1000,1000,776,1,,4005,4913,17.740755111
0,iterative,auto,warm,1,,True,60,90,0.5,0.2,fixed,1000,1000,260,977,1,,4005,4196,15.872795967000002
0,iterative,auto,warm,1,,True,61,90,0.5,0.2,fixed,1000,1000,778,279,1,,4005,4695,16.012107131000107
0,iterative,auto,warm,1,,True,62,90,0.5,0.2,fixed,1000,1000,770,618,1,,4005,4847,18.620529397999917
0,iterative,auto,warm,1,,True,63,90,0.5,0.2,fixed,1000,1000,258,751,1,,4005,4354,18.046685859000036
0,iterative,auto,warm,1,,True,64,90,0.5,0.2,fixed,1000,1000,260,256,1,,4005,4358,17.448529440000016
0,iterative,auto,warm,1,,True,65,90,0.5,0.2,fixed,1000,1000,1000,839,1,,4005,4519,20.34224683800005
0,iterative,auto,warm,1,,True,66,90,0.5,0.2,fixed,1000,1000,1000,894,1,,4005,4625,19.2761871539999
0,iterative,auto,warm,1,,True,67,90,0.5,0.2,fixed,1000,1000,1000,1022,1,,4005,4603,17.90899491999994
0,iterative,auto,warm,1,,True,68,90,0.5,0.2,fixed,1000,1000,1000,982,1,,4005,4621,19.564230364999958
0,iterative,auto,warm,1,,True,69,90,0.5,0.2,fixed,1000,1000,1000,994,1,,4005,4627,19.087993005000044
0,iterative,auto,warm,1,,True,70,90,0.5,0.2,fixed,1000,1000,1000,1000,1,,4005,4627,18.315229211000087
0,iterative,auto,warm,1,,True,71,90,0.5,0.2,fixed,1000,1000,1000,993,1,,4005,4634,19.584404541999902
0,iterative,auto,warm,1,,True,72,90,0.5,0.2,fixed,1000,1000,1000,994,1,,4005,4640,18.162873194999975
0,iterative,auto,warm,1,,True,73,90,0.5,0.2,fixed,1000,1000,1000,1010,1,,4005,4630,23.02838637900004
0,iterative,auto,warm,1,,True,74,90,0.5,0.2,fixed,1000,1000,1000,901,1,,4005,4729,22.478379328000074
0,iterative,auto,warm,1,,True,75,90,0.5,0.2,fixed,1000,1000,1000,1002,1,,4005,4727,20.87136241899998
0,iterative,auto,warm,1,,True,76,90,0.5,0.2,fixed,1000,1000,1000,1013,1,,4005,4714,21.592000607000045
0,iterative,auto,warm,1,,True,77,90,0.5,0.2,fixed,1000,1000,1000,995,1,,4005,4719,27.080463536000025
0,iterative,auto,warm,1,,True,78,90,0.5,0.2,fixed,1000,1000,1000,914,1,,4005,4805,27.724486092000006
0,iterative,auto,warm,1,,True,79,90,0.5,0.2,fixed,1000,1000,1000,969,1,,4005,4836,25.140844031999904
0,iterative,auto,warm,1,,True,80,90,0.5,0.2,fixed,1000,1000,1000,1015,1,,4005,4821,26.26678359100015
0,iterative,auto,warm,1,,True,81,90,0.5,0.2,fixed,1000,1000,1000,978,1,,4005,4843,26.634270141000115
0,iterative,auto,warm,1,,True,82,90,0.5,0.2,fixed,1000,1000,1000,993,1,,4005,4850,25.435672264000004
0,iterative,auto,warm,1,,True,83,90,0.5,0.2,fixed,1000,1000,1000,999,1,,4005,4851,24.98261837999985
0,iterative,auto,warm,1,,True,84,90,0.5,0.2,fixed,1000,1000,1000,1010,1,,4005,4841,24.883083046000138
0,iterative,auto,warm,1,,True,85,90,0.5,0.2,fixed,1000,1000,1000,999,1,,4005,4842,24.678093861000207
0,iterative,auto,warm,1,,True,86,90,0.5,0.2,fixed,1000,1000,1000,998,1,,4005,4844,30.185351912999977
0,iterative,auto,warm,1,,True,87,90,0.5,0.2,fixed,1000,1000,1000,942,1,,4005,4902,25.705403005000107
0,iterative,auto,warm,1,,True,88,90,0.5,0.2,fixed,1000,1000,1000,1000,1,,4005,4902,29.859126598999865
0,iterative,auto,warm,1,,True,89,90,0.5,0.2,fixed,1000,1000,1000,968,1,,4005,4934,28.42522560999987
0,iterative,auto,warm,1,,True,90,90,0.5,0.2,fixed,1000,1000,1000,1022,1,,4005,4912,29.584839816000112
0,iterative,auto,warm,1,,True,91,90,0.5,0.2,fixed,1000,1000,1000,976,1,,4005,4936,27.04528296500007
0,iterative,auto,warm,1,,True,92,90,0.5,0.2,fixed,1000,1000,1000,1002,1,,4005,4934,30.044008645000076
0,iterative,auto,warm,1,,True,93,90,0.5,0.2,fixed,1000,1000,1000,983,1,,4005,4951,27.89642538499993
0,iterative,auto,warm,1,,True,94,90,0.5,0.2,fixed,1000,1000,1000,1021,1,,4005,4930,31.14920081000014
0,iterative,auto,warm,1,,True,95,90,0.5,0.2,fixed,1000,1000,1000,975,1,,4005,4955,28.902255878999995
0,iterative,auto,warm,1,,True,96,90,0.5,0.2,fixed,1000,1000,1000,1007,1,,4005,4948,33.99441567600002
0,iterative,auto,warm,1,,True,97,90,0.5,0.2,fixed,1000,1000,1000,980,1,,4005,4968,28.26591344999997
0,iterative,auto,warm,1,,True,98,90,0.5,0.2,fixed,1000,1000,1000,1003,1,,4005,4965,31.63165932999982
0,iterative,auto,warm,1,,True,99,90,0.5,0.2,fixed,1000,1000,1000,997,1,,4005,4968,29.623895790999995
0,iterative,auto,warm,1,,True,100,90,0.5,0.2,fixed,1000,1000,1000,1009,1,,4005,4959,31.63615403599988
0,iterative,auto,warm,1,,True,101,90,0.5,0.2,fixed,1000,1000,1000,982,1,,4005,4977,29.499618405000092
0,iterative,auto,warm,1,,True,102,90,0.5,0.2,fixed,1000,1000,1000,999,1,,4005,4978,32.423975074000055
0,iterative,auto,warm,1,,True,103,90,0.5,0.2,fixed,1000,1000,1000,990,1,,4005,4988,30.035403710999844
0,iterative,auto,warm,1,,True,104,90,0.5,0.2,fixed,1000,1000,1000,996,1,,4005,4992,33.87334716600026
0,iterative,auto,warm,1,,True,105,90,0.5,0.2,fixed,1000,1000,822,881,1,,4005,4933,30.482916550000027
0,iterative,auto,warm,1,,True,106,90,0.5,0.2,fixed,1000,1000,476,792,1,,4005,4617,29.648549531999834
0,iterative,auto,warm,1,,True,107,90,0.5,0.2,fixed,1000,1000,339,481,1,,4005,4475,29.494647564999923
0,iterative,auto,warm,1,,True,108,90,0.5,0.2,fixed,1000,1000,514,343,1,,4005,4646,30.615582036999967
0,iterative,auto,warm,1,,True,109,90,0.5,0.2,fixed,1000,1000,508,505,1,,4005,4649,31.07664055999976
0,iterative,auto,warm,1,,True,110,90,0.5,0.2,fixed,1000,1000,606,433,1,,4005,4822,31.170060435000323
0,iterative,auto,warm,1,,True,111,90,0.5,0.2,fixed,1000,1000,206,634,1,,4005,4394,29.30890516699992
0,iterative,auto,warm,1,,True,112,90,0.5,0.2,fixed,1000,1000,780,236,1,,4005,4938,0.09604493699998784
