solve_id,solve_type,method,warm_start,min_search_proportion,threshold_proportion,remove_constraints,zero_slack_likelihood,sub_solve_id,n,p,q,cut_type,cut_value,cuts_sought,cuts_added,cuts_removed,search_proportion_used,current_threshold,variables,constraints,cpu_time,dual_0_constraints,dual_0_with_slack,dual_0_no_slack
37,iterative,auto,warm,1,,False,0,0,50,0.5,0.2,fixed,1000,100,100,0,1,,1225,101,0.0035893570002372144,0,0,0
37,iterative,auto,warm,1,,False,0,1,50,0.5,0.2,fixed,1000,1000,1000,0,1,,1225,1101,0.028647157999785122,0,0,0
37,iterative,auto,warm,1,,False,0,2,50,0.5,0.2,fixed,1000,1000,1000,0,1,,1225,2101,0.9968717469996591,0,0,0
37,iterative,auto,warm,1,,False,0,3,50,0.5,0.2,fixed,1000,1000,1000,0,1,,1225,3101,4.418687320000117,0,0,0
37,iterative,auto,warm,1,,False,0,4,50,0.5,0.2,fixed,1000,1000,1000,0,1,,1225,4101,3.7517488819999016,0,0,0
37,iterative,auto,warm,1,,False,0,5,50,0.5,0.2,fixed,1000,1000,1000,0,1,,1225,5101,0.04670160299974668,0,0,0
37,iterative,auto,warm,1,,True,0,0,50,0.5,0.2,fixed,1000,100,100,0,1,,1225,101,0.0035105850001855288,0,0,0
37,iterative,auto,warm,1,,True,0,1,50,0.5,0.2,fixed,1000,1000,1000,90,1,,1225,1011,0.02770325800020146,100,90,10
37,iterative,auto,warm,1,,True,0,2,50,0.5,0.2,fixed,1000,1000,1000,317,1,,1225,1694,0.3818291549996502,702,317,385
37,iterative,auto,warm,1,,True,0,3,50,0.5,0.2,fixed,1000,1000,1000,839,1,,1225,1855,0.8753855059999296,946,839,107
37,iterative,auto,warm,1,,True,0,4,50,0.5,0.2,fixed,1000,1000,1000,851,1,,1225,2004,1.153397202999713,931,851,80
37,iterative,auto,warm,1,,True,0,5,50,0.5,0.2,fixed,1000,1000,1000,923,1,,1225,2081,1.1907028979999268,944,923,21
37,iterative,auto,warm,1,,True,0,6,50,0.5,0.2,fixed,1000,1000,1000,937,1,,1225,2144,1.0090206360000593,951,937,14
37,iterative,auto,warm,1,,True,0,7,50,0.5,0.2,fixed,1000,1000,1000,973,1,,1225,2171,0.837924691000353,995,973,22
37,iterative,auto,warm,1,,True,0,8,50,0.5,0.2,fixed,1000,1000,1000,989,1,,1225,2182,0.673335047999899,1011,989,22
37,iterative,auto,warm,1,,True,0,9,50,0.5,0.2,fixed,1000,1000,1000,1006,1,,1225,2176,0.12538950899988777,1024,1006,18
37,iterative,auto,warm,1,,True,0.1,0,50,0.5,0.2,fixed,1000,100,100,5,1,,1225,101,0.003593866999835882,0,0,0
37,iterative,auto,warm,1,,True,0.1,1,50,0.5,0.2,fixed,1000,1000,1000,79,1,,1225,1022,0.02752485400014848,100,78,22
37,iterative,auto,warm,1,,True,0.1,2,50,0.5,0.2,fixed,1000,1000,1000,326,1,,1225,1696,0.36112502799960566,683,285,398
37,iterative,auto,warm,1,,True,0.1,3,50,0.5,0.2,fixed,1000,1000,1000,837,1,,1225,1859,0.8057268109996585,933,825,108
37,iterative,auto,warm,1,,True,0.1,4,50,0.5,0.2,fixed,1000,1000,1000,871,1,,1225,1988,1.3810416060000534,916,869,47
37,iterative,auto,warm,1,,True,0.1,5,50,0.5,0.2,fixed,1000,1000,1000,909,1,,1225,2079,1.7443309269997371,942,906,36
37,iterative,auto,warm,1,,True,0.1,6,50,0.5,0.2,fixed,1000,1000,1000,946,1,,1225,2133,1.9663160509999216,960,945,15
37,iterative,auto,warm,1,,True,0.1,7,50,0.5,0.2,fixed,1000,1000,1000,967,1,,1225,2166,2.0222810969999045,978,965,13
37,iterative,auto,warm,1,,True,0.1,8,50,0.5,0.2,fixed,1000,1000,1000,975,1,,1225,2191,2.238967974999923,992,972,20
37,iterative,auto,warm,1,,True,0.1,9,50,0.5,0.2,fixed,1000,1000,1000,1005,1,,1225,2186,0.2890336760001446,1015,1005,10
37,iterative,auto,warm,1,,True,0.1,10,50,0.5,0.2,fixed,1000,1000,94,121,1,,1225,2159,1.5947371040001599,1001,33,968
37,iterative,auto,warm,1,,True,0.1,11,50,0.5,0.2,fixed,1000,1000,94,107,1,,1225,2146,1.6726370100000167,991,5,986
37,iterative,auto,warm,1,,True,0.1,12,50,0.5,0.2,fixed,1000,1000,94,90,1,,1225,2150,0.013467856999795913,977,5,972
37,iterative,auto,warm,1,,True,0.3,0,50,0.5,0.2,fixed,1000,100,100,103,1,,1225,101,0.0038399090003622405,0,0,0
37,iterative,auto,warm,1,,True,0.3,1,50,0.5,0.2,fixed,1000,1000,1000,89,1,,1225,1012,0.03284267599974555,100,87,13
37,iterative,auto,warm,1,,True,0.3,2,50,0.5,0.2,fixed,1000,1000,1000,449,1,,1225,1563,0.2883019260002584,685,342,343
37,iterative,auto,warm,1,,True,0.3,3,50,0.5,0.2,fixed,1000,1000,1000,773,1,,1225,1790,0.6196365019995937,875,724,151
37,iterative,auto,warm,1,,True,0.3,4,50,0.5,0.2,fixed,1000,1000,1000,859,1,,1225,1931,1.2122358470001018,926,832,94
37,iterative,auto,warm,1,,True,0.3,5,50,0.5,0.2,fixed,1000,1000,1000,904,1,,1225,2027,1.4492268249996414,935,891,44
37,iterative,auto,warm,1,,True,0.3,6,50,0.5,0.2,fixed,1000,1000,1000,946,1,,1225,2081,1.795431106000251,973,935,38
37,iterative,auto,warm,1,,True,0.3,7,50,0.5,0.2,fixed,1000,1000,1000,947,1,,1225,2134,1.8117735669998183,970,938,32
37,iterative,auto,warm,1,,True,0.3,8,50,0.5,0.2,fixed,1000,1000,1000,977,1,,1225,2157,1.9301306379998096,995,971,24
37,iterative,auto,warm,1,,True,0.3,9,50,0.5,0.2,fixed,1000,1000,1000,990,1,,1225,2167,2.051064141999632,1007,982,25
37,iterative,auto,warm,1,,True,0.3,10,50,0.5,0.2,fixed,1000,1000,1000,994,1,,1225,2173,1.5661322070000097,1013,987,26
37,iterative,auto,warm,1,,True,0.3,11,50,0.5,0.2,fixed,1000,1000,374,373,1,,1225,2174,1.5844825170001968,1033,93,940
37,iterative,auto,warm,1,,True,0.3,12,50,0.5,0.2,fixed,1000,1000,464,334,1,,1225,2304,1.4560295060000499,1034,30,1004
37,iterative,auto,warm,1,,True,0.3,13,50,0.5,0.2,fixed,1000,1000,94,326,1,,1225,2072,1.3943718640002771,1173,6,1167
37,iterative,auto,warm,1,,True,0.3,14,50,0.5,0.2,fixed,1000,1000,94,260,1,,1225,1906,1.3354340599998977,937,3,934
37,iterative,auto,warm,1,,True,0.3,15,50,0.5,0.2,fixed,1000,1000,94,237,1,,1225,1763,1.21623029400007,778,4,774
37,iterative,auto,warm,1,,True,0.3,16,50,0.5,0.2,fixed,1000,1000,188,191,1,,1225,1760,1.0774525080000785,640,9,631
