solve_id,solve_type,method,warm_start,min_search_proportion,threshold_proportion,remove_constraints,sub_solve_id,n,p,q,cut_type,cut_value,cuts_sought,cuts_added,cuts_removed,search_proportion_used,current_threshold,variables,constraints,cpu_time
1,iterative,auto,warm,1,,True,0,120,0.5,0.2,fixed,1000,100,100,0,1,,7140,101,0.015191292999588768
1,iterative,auto,warm,1,,True,1,120,0.5,0.2,fixed,1000,1000,1000,100,1,,7140,1001,0.04892483700041339
1,iterative,auto,warm,1,,True,2,120,0.5,0.2,fixed,1000,1000,1000,1000,1,,7140,1001,0.03296272399984446
1,iterative,auto,warm,1,,True,3,120,0.5,0.2,fixed,1000,1000,1000,1000,1,,7140,1001,0.05241046300034213
1,iterative,auto,warm,1,,True,4,120,0.5,0.2,fixed,1000,1000,1000,539,1,,7140,1462,0.06757842800016078
1,iterative,auto,warm,1,,True,5,120,0.5,0.2,fixed,1000,1000,1000,616,1,,7140,1846,0.07526086599955306
1,iterative,auto,warm,1,,True,6,120,0.5,0.2,fixed,1000,1000,1000,340,1,,7140,2506,0.11557835699932184
1,iterative,auto,warm,1,,True,7,120,0.5,0.2,fixed,1000,1000,1000,382,1,,7140,3124,0.22443293900050776
1,iterative,auto,warm,1,,True,8,120,0.5,0.2,fixed,1000,1000,1000,648,1,,7140,3476,0.25827172200024506
1,iterative,auto,warm,1,,True,9,120,0.5,0.2,fixed,1000,1000,1000,763,1,,7140,3713,0.29737199199917086
1,iterative,auto,warm,1,,True,10,120,0.5,0.2,fixed,1000,1000,1000,752,1,,7140,3961,0.34367188699980034
1,iterative,auto,warm,1,,True,11,120,0.5,0.2,fixed,1000,1000,1000,788,1,,7140,4173,0.4344794059998094
1,iterative,auto,warm,1,,True,12,120,0.5,0.2,fixed,1000,1000,1000,863,1,,7140,4310,1.0232064510000782
1,iterative,auto,warm,1,,True,13,120,0.5,0.2,fixed,1000,1000,1000,831,1,,7140,4479,1.4937643159992149
1,iterative,auto,warm,1,,True,14,120,0.5,0.2,fixed,1000,1000,1000,747,1,,7140,4732,1.8016476090006108
1,iterative,auto,warm,1,,True,15,120,0.5,0.2,fixed,1000,1000,1000,977,1,,7140,4755,2.0317060460001812
1,iterative,auto,warm,1,,True,16,120,0.5,0.2,fixed,1000,1000,1000,864,1,,7140,4891,4.1621238430007
1,iterative,auto,warm,1,,True,17,120,0.5,0.2,fixed,1000,1000,1000,854,1,,7140,5037,5.064930231999824
1,iterative,auto,warm,1,,True,18,120,0.5,0.2,fixed,1000,1000,1000,830,1,,7140,5207,7.560926339000616
1,iterative,auto,warm,1,,True,19,120,0.5,0.2,fixed,1000,1000,1000,824,1,,7140,5383,11.277034590999392
1,iterative,auto,warm,1,,True,20,120,0.5,0.2,fixed,1000,1000,1000,859,1,,7140,5524,13.853434433000075
1,iterative,auto,warm,1,,True,21,120,0.5,0.2,fixed,1000,1000,1000,837,1,,7140,5687,16.974157761999777
1,iterative,auto,warm,1,,True,22,120,0.5,0.2,fixed,1000,1000,1000,820,1,,7140,5867,27.70384236099926
1,iterative,auto,warm,1,,True,23,120,0.5,0.2,fixed,1000,1000,1000,825,1,,7140,6042,33.075026015999356
1,iterative,auto,warm,1,,True,24,120,0.5,0.2,fixed,1000,1000,1000,810,1,,7140,6232,44.00148810800056
1,iterative,auto,warm,1,,True,25,120,0.5,0.2,fixed,1000,1000,1000,849,1,,7140,6383,49.1666074650002
1,iterative,auto,warm,1,,True,26,120,0.5,0.2,fixed,1000,1000,1000,839,1,,7140,6544,55.18228369799999
1,iterative,auto,warm,1,,True,27,120,0.5,0.2,fixed,1000,1000,1000,858,1,,7140,6686,64.34256549700058
1,iterative,auto,warm,1,,True,28,120,0.5,0.2,fixed,1000,1000,1000,892,1,,7140,6794,71.0316233930007
1,iterative,auto,warm,1,,True,29,120,0.5,0.2,fixed,1000,1000,1000,869,1,,7140,6925,77.02506048800024
1,iterative,auto,warm,1,,True,30,120,0.5,0.2,fixed,1000,1000,1000,936,1,,7140,6989,85.83917415300039
1,iterative,auto,warm,1,,True,31,120,0.5,0.2,fixed,1000,1000,1000,883,1,,7140,7106,86.10233658099969
1,iterative,auto,warm,1,,True,32,120,0.5,0.2,fixed,1000,1000,1000,904,1,,7140,7202,101.04455916000006
1,iterative,auto,warm,1,,True,33,120,0.5,0.2,fixed,1000,1000,1000,891,1,,7140,7311,112.71118380299959
1,iterative,auto,warm,1,,True,34,120,0.5,0.2,fixed,1000,1000,1000,955,1,,7140,7356,117.02202909399966
1,iterative,auto,warm,1,,True,35,120,0.5,0.2,fixed,1000,1000,1000,935,1,,7140,7421,128.72694545600007
1,iterative,auto,warm,1,,True,36,120,0.5,0.2,fixed,1000,1000,1000,983,1,,7140,7438,129.0605335219998
1,iterative,auto,warm,1,,True,37,120,0.5,0.2,fixed,1000,1000,1000,935,1,,7140,7503,132.77141594400018
1,iterative,auto,warm,1,,True,38,120,0.5,0.2,fixed,1000,1000,1000,995,1,,7140,7508,124.35957869499998
1,iterative,auto,warm,1,,True,39,120,0.5,0.2,fixed,1000,1000,1000,965,1,,7140,7543,127.99505965299977
1,iterative,auto,warm,1,,True,40,120,0.5,0.2,fixed,1000,1000,1000,981,1,,7140,7562,134.1527543080001
1,iterative,auto,warm,1,,True,41,120,0.5,0.2,fixed,1000,1000,1000,971,1,,7140,7591,169.30264670799988
1,iterative,auto,warm,1,,True,42,120,0.5,0.2,fixed,1000,1000,1000,951,1,,7140,7640,105.89770081299957
1,iterative,auto,warm,1,,True,43,120,0.5,0.2,fixed,1000,1000,1000,1035,1,,7140,7605,154.96491970200077
1,iterative,auto,warm,1,,True,44,120,0.5,0.2,fixed,1000,1000,1000,969,1,,7140,7636,96.7487256509994
1,iterative,auto,warm,1,,True,45,120,0.5,0.2,fixed,1000,1000,1000,1019,1,,7140,7617,148.3735203390006
1,iterative,auto,warm,1,,True,46,120,0.5,0.2,fixed,1000,1000,1000,966,1,,7140,7651,152.72914397400018
1,iterative,auto,warm,1,,True,47,120,0.5,0.2,fixed,1000,1000,1000,962,1,,7140,7689,109.49180222399991
1,iterative,auto,warm,1,,True,48,120,0.5,0.2,fixed,1000,1000,1000,1007,1,,7140,7682,163.91117451199898
1,iterative,auto,warm,1,,True,49,120,0.5,0.2,fixed,1000,1000,1000,992,1,,7140,7690,148.21921084799942
1,iterative,auto,warm,1,,True,50,120,0.5,0.2,fixed,1000,1000,1000,929,1,,7140,7761,130.83466281500114
1,iterative,auto,warm,1,,True,51,120,0.5,0.2,fixed,1000,1000,702,936,1,,7140,7527,129.41507458999877
1,iterative,auto,warm,1,,True,52,120,0.5,0.2,fixed,1000,1000,920,643,1,,7140,7804,127.14986739199958
1,iterative,auto,warm,1,,True,53,120,0.5,0.2,fixed,1000,1000,234,792,1,,7140,7246,137.4779621229991
