solve_id,solve_type,method,warm_start,min_search_proportion,threshold_proportion,remove_constraints,sub_solve_id,n,p,q,cut_type,cut_value,cuts_sought,cuts_added,cuts_removed,search_proportion_used,current_threshold,variables,constraints,cpu_time
1,iterative,auto,warm,1,,True,0,130,0.5,0.2,fixed,1000,100,100,0,1,,8385,101,0.01791764599875023
1,iterative,auto,warm,1,,True,1,130,0.5,0.2,fixed,1000,1000,1000,100,1,,8385,1001,0.047162697001112974
1,iterative,auto,warm,1,,True,2,130,0.5,0.2,fixed,1000,1000,1000,1000,1,,8385,1001,0.03688653700010036
1,iterative,auto,warm,1,,True,3,130,0.5,0.2,fixed,1000,1000,1000,1000,1,,8385,1001,0.06558920699899318
1,iterative,auto,warm,1,,True,4,130,0.5,0.2,fixed,1000,1000,1000,524,1,,8385,1477,0.04885847600053239
1,iterative,auto,warm,1,,True,5,130,0.5,0.2,fixed,1000,1000,1000,730,1,,8385,1747,0.07266393800091464
1,iterative,auto,warm,1,,True,6,130,0.5,0.2,fixed,1000,1000,1000,534,1,,8385,2213,0.09716342600040662
1,iterative,auto,warm,1,,True,7,130,0.5,0.2,fixed,1000,1000,1000,304,1,,8385,2909,0.16771191199950408
1,iterative,auto,warm,1,,True,8,130,0.5,0.2,fixed,1000,1000,1000,445,1,,8385,3464,0.25355591700099467
1,iterative,auto,warm,1,,True,9,130,0.5,0.2,fixed,1000,1000,1000,653,1,,8385,3811,0.3148873829995864
1,iterative,auto,warm,1,,True,10,130,0.5,0.2,fixed,1000,1000,1000,736,1,,8385,4075,0.3042676149998442
1,iterative,auto,warm,1,,True,11,130,0.5,0.2,fixed,1000,1000,1000,776,1,,8385,4299,0.3623846419995971
1,iterative,auto,warm,1,,True,12,130,0.5,0.2,fixed,1000,1000,1000,806,1,,8385,4493,0.491883388000133
1,iterative,auto,warm,1,,True,13,130,0.5,0.2,fixed,1000,1000,1000,854,1,,8385,4639,0.468692299000395
1,iterative,auto,warm,1,,True,14,130,0.5,0.2,fixed,1000,1000,1000,838,1,,8385,4801,0.5952088350004487
1,iterative,auto,warm,1,,True,15,130,0.5,0.2,fixed,1000,1000,1000,873,1,,8385,4928,0.6803046090008138
1,iterative,auto,warm,1,,True,16,130,0.5,0.2,fixed,1000,1000,1000,769,1,,8385,5159,2.2832336720002786
1,iterative,auto,warm,1,,True,17,130,0.5,0.2,fixed,1000,1000,1000,833,1,,8385,5326,2.321143220999147
1,iterative,auto,warm,1,,True,18,130,0.5,0.2,fixed,1000,1000,1000,839,1,,8385,5487,3.3860128239994083
1,iterative,auto,warm,1,,True,19,130,0.5,0.2,fixed,1000,1000,1000,832,1,,8385,5655,5.13383168800101
1,iterative,auto,warm,1,,True,20,130,0.5,0.2,fixed,1000,1000,1000,885,1,,8385,5770,5.471684103998996
1,iterative,auto,warm,1,,True,21,130,0.5,0.2,fixed,1000,1000,1000,867,1,,8385,5903,8.235522347998995
1,iterative,auto,warm,1,,True,22,130,0.5,0.2,fixed,1000,1000,1000,851,1,,8385,6052,11.044716252999933
1,iterative,auto,warm,1,,True,23,130,0.5,0.2,fixed,1000,1000,1000,839,1,,8385,6213,15.869959323999865
1,iterative,auto,warm,1,,True,24,130,0.5,0.2,fixed,1000,1000,1000,840,1,,8385,6373,18.248345789999803
1,iterative,auto,warm,1,,True,25,130,0.5,0.2,fixed,1000,1000,1000,856,1,,8385,6517,25.045142602999476
1,iterative,auto,warm,1,,True,26,130,0.5,0.2,fixed,1000,1000,1000,838,1,,8385,6679,28.26389380100045
1,iterative,auto,warm,1,,True,27,130,0.5,0.2,fixed,1000,1000,1000,843,1,,8385,6836,33.7541372120013
1,iterative,auto,warm,1,,True,28,130,0.5,0.2,fixed,1000,1000,1000,836,1,,8385,7000,41.099800481000784
1,iterative,auto,warm,1,,True,29,130,0.5,0.2,fixed,1000,1000,1000,827,1,,8385,7173,48.048074180000185
1,iterative,auto,warm,1,,True,30,130,0.5,0.2,fixed,1000,1000,1000,843,1,,8385,7330,65.20810746399911
1,iterative,auto,warm,1,,True,31,130,0.5,0.2,fixed,1000,1000,1000,829,1,,8385,7501,71.7574663280011
1,iterative,auto,warm,1,,True,32,130,0.5,0.2,fixed,1000,1000,1000,852,1,,8385,7649,73.77327800199964
1,iterative,auto,warm,1,,True,33,130,0.5,0.2,fixed,1000,1000,1000,846,1,,8385,7803,78.31051537500025
1,iterative,auto,warm,1,,True,34,130,0.5,0.2,fixed,1000,1000,1000,895,1,,8385,7908,80.31702532899908
1,iterative,auto,warm,1,,True,35,130,0.5,0.2,fixed,1000,1000,1000,895,1,,8385,8013,83.16951573299957
1,iterative,auto,warm,1,,True,36,130,0.5,0.2,fixed,1000,1000,1000,875,1,,8385,8138,95.37934920599946
1,iterative,auto,warm,1,,True,37,130,0.5,0.2,fixed,1000,1000,1000,906,1,,8385,8232,104.70090079199872
1,iterative,auto,warm,1,,True,38,130,0.5,0.2,fixed,1000,1000,1000,925,1,,8385,8307,118.20629921900036
1,iterative,auto,warm,1,,True,39,130,0.5,0.2,fixed,1000,1000,1000,955,1,,8385,8352,111.4095979270005
1,iterative,auto,warm,1,,True,40,130,0.5,0.2,fixed,1000,1000,1000,941,1,,8385,8411,106.18225303599866
1,iterative,auto,warm,1,,True,41,130,0.5,0.2,fixed,1000,1000,1000,930,1,,8385,8481,118.74543402400013
1,iterative,auto,warm,1,,True,42,130,0.5,0.2,fixed,1000,1000,1000,928,1,,8385,8553,110.91538388700064
1,iterative,auto,warm,1,,True,43,130,0.5,0.2,fixed,1000,1000,1000,977,1,,8385,8576,122.84909789999983
1,iterative,auto,warm,1,,True,44,130,0.5,0.2,fixed,1000,1000,1000,972,1,,8385,8604,120.87451951999901
1,iterative,auto,warm,1,,True,45,130,0.5,0.2,fixed,1000,1000,1000,962,1,,8385,8642,120.51550852000037
1,iterative,auto,warm,1,,True,46,130,0.5,0.2,fixed,1000,1000,1000,959,1,,8385,8683,138.12324823999916
1,iterative,auto,warm,1,,True,47,130,0.5,0.2,fixed,1000,1000,1000,975,1,,8385,8708,143.11520770700008
1,iterative,auto,warm,1,,True,48,130,0.5,0.2,fixed,1000,1000,1000,1005,1,,8385,8703,141.23738677799884
1,iterative,auto,warm,1,,True,49,130,0.5,0.2,fixed,1000,1000,1000,977,1,,8385,8726,138.41741377000108
1,iterative,auto,warm,1,,True,50,130,0.5,0.2,fixed,1000,1000,1000,960,1,,8385,8766,143.61609963299998
1,iterative,auto,warm,1,,True,51,130,0.5,0.2,fixed,1000,1000,1000,1002,1,,8385,8764,138.08395373699932
1,iterative,auto,warm,1,,True,52,130,0.5,0.2,fixed,1000,1000,1000,953,1,,8385,8811,136.31507954600056
1,iterative,auto,warm,1,,True,53,130,0.5,0.2,fixed,1000,1000,1000,1017,1,,8385,8794,128.49770168000032
1,iterative,auto,warm,1,,True,54,130,0.5,0.2,fixed,1000,1000,1000,1021,1,,8385,8773,183.73348884500047
1,iterative,auto,warm,1,,True,55,130,0.5,0.2,fixed,1000,1000,1000,982,1,,8385,8791,125.99856261000059
1,iterative,auto,warm,1,,True,56,130,0.5,0.2,fixed,1000,1000,1000,1056,1,,8385,8735,175.73131649599964
1,iterative,auto,warm,1,,True,57,130,0.5,0.2,fixed,1000,1000,1000,1004,1,,8385,8731,144.68780831799995
1,iterative,auto,warm,1,,True,58,130,0.5,0.2,fixed,1000,1000,1000,949,1,,8385,8782,113.62033127900031
1,iterative,auto,warm,1,,True,59,130,0.5,0.2,fixed,1000,1000,1000,903,1,,8385,8879,158.8806176220005
1,iterative,auto,warm,1,,True,60,130,0.5,0.2,fixed,1000,1000,1000,886,1,,8385,8993,176.55376980300025
1,iterative,auto,warm,1,,True,61,130,0.5,0.2,fixed,1000,1000,762,896,1,,8385,8859,142.43139915400025
1,iterative,auto,warm,1,,True,62,130,0.5,0.2,fixed,1000,1000,1000,657,1,,8385,9202,147.5742962029999
1,iterative,auto,warm,1,,True,63,130,0.5,0.2,fixed,1000,1000,254,924,1,,8385,8532,178.15690831599932
